0.00,0.0
0.10,0.0
0.20,0.0
0.30,0.0
0.40,0.0
0.50,0.0
0.60,0.0
0.70,0.0
0.80,0.0
0.90,0.0
1.00,0.0
1.10,0.0
1.20,0.0
1.30,0.0
1.40,0.0
1.50,0.0
1.60,0.0
1.70,0.0
1.80,0.0
1.90,0.0
2.00,0.0
2.10,0.0
2.20,0.0
2.30,0.0
2.40,0.0
2.50,0.0
2.60,0.0
2.70,0.0
2.80,0.0
2.90,0.0
3.00,0.0
3.10,0.0
3.20,0.0
3.30,0.0
3.40,0.0
3.50,0.0
3.60,0.0
3.70,0.0
3.80,0.0
3.90,0.0
4.00,0.0
4.10,0.0
4.20,0.0
4.30,0.0
4.40,0.0
4.50,0.0
4.60,1.8269624359523455e-07
4.70,4.683376500918514e-07
4.80,7.539790565884657e-07
4.90,1.0562060187253558e-06
5.00,1.4614260527653895e-06
5.10,1.8666460868054235e-06
5.20,2.5186352166149e-06
5.30,5.130006735163277e-06
5.40,5.834978183879531e-06
5.50,6.7666802000270645e-06
5.60,8.113430641815448e-06
5.70,8.412993879489647e-06
5.80,8.712557117163841e-06
5.90,9.049118730225801e-06
6.00,1.0230187585401612e-05
6.10,1.1425734456098246e-05
6.20,1.3361600976788616e-05
6.30,1.4040254144338059e-05
6.40,2.1726553520221203e-05
6.50,2.6464112518541613e-05
6.60,3.082334880506524e-05
6.70,3.778679332582166e-05
6.80,4.819618680165889e-05
6.90,5.943001100177857e-05
7.00,6.879411608285583e-05
7.10,8.161800835386178e-05
7.20,9.123516480248514e-05
7.30,0.00010686261682600887
7.40,0.000122251926872629
7.50,0.00015075550984435302
7.60,0.00017171637130730704
7.70,0.00019083672478857372
7.80,0.00022153673339604733
7.90,0.0002518696075128
8.00,0.0002868613087322888
8.10,0.000334810725487373
8.20,0.0003750207500414993
8.30,0.0004211383422766846
8.40,0.0004690196296280453
8.50,0.0005318546351378415
8.60,0.0006202398768433894
8.70,0.0007050206408105116
8.80,0.0008056036945407227
8.90,0.0009116781518587194
9.00,0.0010419088195689342
9.10,0.0011627291295819705
9.20,0.0012895876307216529
9.30,0.001437465640888729
9.40,0.001589503179006358
9.50,0.0017613318808727173
9.60,0.0019647118502157794
9.70,0.002160095229281364
9.80,0.0023968797937595917
9.90,0.0026354520794147993
10.00,0.002864246234821583
10.10,0.0031740896815126963
10.20,0.003486206972413944
10.30,0.003802840939015212
10.40,0.004167722621159529
10.50,0.004576209152418304
10.60,0.004996676660019987
10.70,0.005417344168021668
10.80,0.005920211840423684
10.90,0.006447012894025788
11.00,0.00698521397042794
11.10,0.0076000152000304
11.20,0.008239016478032955
11.30,0.008954017908035817
11.40,0.009709769419538841
11.50,0.010510621021242042
11.60,0.011344022688045376
11.70,0.012267691202049067
11.80,0.013208026416052832
11.90,0.01419002838005676
12.00,0.015211530423060846
12.10,0.016269032538065078
12.20,0.017392034784069567
12.30,0.018644037288074577
12.40,0.01988203976407953
12.50,0.021186042372084744
12.60,0.022619045238090475
12.70,0.02411504823009646
12.80,0.025671051342102683
12.90,0.027338054676109353
13.00,0.029074058148116297
13.10,0.030850061700123402
13.20,0.03271106542213084
13.30,0.03467006934013868
13.40,0.036676073352146704
13.50,0.03878307756615513
13.60,0.04098508197016394
13.70,0.04331308662617325
13.80,0.04560809121618243
13.90,0.04800209600419201
14.00,0.0505751011502023
14.10,0.05325110650221301
14.20,0.05604611209222418
14.30,0.058831117662235324
14.40,0.06174212348424697
14.50,0.06468812937625876
14.60,0.06783713567427135
14.70,0.07101314202628405
14.80,0.0744021488042976
14.90,0.07775465550931102
15.00,0.08127116254232508
15.10,0.08488416976833954
15.20,0.08871717743435487
15.30,0.09253218506437012
15.40,0.0964531929063858
15.50,0.10043920087840176
15.60,0.1047232094464189
15.70,0.10905421810843621
15.80,0.11336522673045346
15.90,0.11780723561447123
16.00,0.12240424480848962
16.10,0.1271012542025084
16.20,0.13193026386052772
16.30,0.1367252734505469
16.40,0.14148128296256593
16.50,0.1465992931985864
16.60,0.15168330336660674
16.70,0.15710231420462842
16.80,0.16238232476464953
16.90,0.1678243356486713
17.00,0.17333734667469336
17.10,0.17918635837271674
17.20,0.18491436982873966
17.30,0.19073038146076293
17.40,0.19659139318278637
17.50,0.20259040518081037
17.60,0.20876141752283506
17.70,0.2149484298968598
17.80,0.2210254420508841
17.90,0.22723745447490895
18.00,0.23373646747293494
18.10,0.2402284804569609
18.20,0.2466804933609867
18.30,0.25325450650901304
18.40,0.2599305198610397
18.50,0.26674153348306695
18.60,0.27370454740909483
18.70,0.2805975611951224
18.80,0.2874175748351497
18.90,0.2944345888691777
19.00,0.3015946031892064
19.10,0.30855561711123425
19.20,0.3158616317232634
19.30,0.3230406460812922
19.40,0.33035866071732145
19.50,0.33761267522535043
19.60,0.3448436896873794
19.70,0.3521697043394087
19.80,0.3594227188454377
19.90,0.36678673357346714
20.00,0.3740997481994964
20.10,0.381495762991526
20.20,0.38895877791755584
20.30,0.3965927931855864
20.40,0.4042298084596169
20.50,0.4116818233636467
20.60,0.4191698383396767
20.70,0.42661985323970647
20.80,0.4339778679557359
20.90,0.441498882997766
21.00,0.4488708977417955
21.10,0.45628691257382514
21.20,0.46374092748185497
21.30,0.47120994241988484
21.40,0.47861095722191443
21.50,0.4860759721519443
21.60,0.49344298688597377
21.70,0.5006740013480027
21.80,0.5079310158620317
21.90,0.5150940301880603
22.00,0.5225140450280901
22.10,0.5298870597741195
22.20,0.5370790741581483
22.30,0.5443250886501773
22.40,0.5514351028702057
22.50,0.5585851171702343
22.60,0.5656151312302624
22.70,0.5726711453422907
22.80,0.5796581593163186
22.90,0.5867021734043468
23.00,0.5936341872683746
23.10,0.600496200992402
23.20,0.607258214516429
23.30,0.6141142282284564
23.40,0.6208872417744835
23.50,0.6276302552605105
23.60,0.634245268490537
23.70,0.6409172818345636
23.80,0.6476022952045905
23.90,0.6539143078286157
24.00,0.6602943205886411
24.10,0.6665723331446662
24.20,0.6728393456786913
24.30,0.6789343578687157
24.40,0.6850733701467403
24.50,0.6911153822307644
24.60,0.6972043944087888
24.70,0.703260406520813
24.80,0.7091894183788368
24.90,0.7149664299328599
25.00,0.7205604411208822
25.10,0.7262244524489049
25.20,0.7318564637129275
25.30,0.7373254746509493
25.40,0.7428084856169712
25.50,0.7481844963689928
25.60,0.7534575069150138
25.70,0.7585815171630343
25.80,0.7636745273490547
25.90,0.7687205374410749
26.00,0.7737865475730952
26.10,0.7786975573951148
26.20,0.7836855673711347
26.30,0.7884425768851537
26.40,0.7931155862311725
26.50,0.7976915953831908
26.60,0.8022606045212091
26.70,0.8068136136272273
26.80,0.8111606223212446
26.90,0.8154336308672617
27.00,0.8197076394152788
27.10,0.8238096476192952
27.20,0.8278766557533115
27.30,0.8319336638673277
27.40,0.8359576719153439
27.50,0.8398476796953593
27.60,0.8436496872993746
27.70,0.8474926949853899
27.80,0.8511527023054046
27.90,0.854754709509419
28.00,0.8583417166834334
28.10,0.8616867233734468
28.20,0.86501573003146
28.30,0.8683627367254735
28.40,0.8716147432294865
28.50,0.8748107496214993
28.60,0.877992755985512
28.70,0.8810567621135242
28.80,0.8840427680855362
28.90,0.8869757739515479
29.00,0.8898887797775595
29.10,0.8927147854295708
29.20,0.8955457910915822
29.30,0.8983197966395933
29.40,0.9009098018196037
29.50,0.9035838071676143
29.60,0.906002812005624
29.70,0.9085658171316343
29.80,0.9110168220336441
29.90,0.9133598267196534
30.00,0.9156878313756628
30.10,0.9179678359356719
30.20,0.9201478402956806
30.30,0.9223658447316895
30.40,0.9244868489736979
30.50,0.9265768531537063
30.60,0.9285688571377143
30.70,0.9305748611497223
30.80,0.93248886497773
30.90,0.9344498688997378
31.00,0.936244872489745
31.10,0.9379748759497519
31.20,0.9397228794457589
31.30,0.941477882955766
31.40,0.9431088862177724
31.50,0.944751889503779
31.60,0.9464023928047856
31.70,0.9479798959597919
31.80,0.9495153990307981
31.90,0.9509014018028037
32.00,0.9523199046398093
32.10,0.9537309074618149
32.20,0.9551219102438205
32.30,0.956505913011826
32.40,0.9578539157078314
32.50,0.9591134182268364
32.60,0.9602619205238411
32.70,0.9614974229948461
32.80,0.9626569253138506
32.90,0.9637849275698551
33.00,0.9648899297798595
33.10,0.9659359318718638
33.20,0.967001934003868
33.30,0.9680329360658722
33.40,0.9690289380578762
33.50,0.9699865399730799
33.60,0.9709324418648838
33.70,0.9718699437398874
33.80,0.972732945465891
33.90,0.9736214472428946
34.00,0.9744219488438977
34.10,0.9752299504599009
34.20,0.9760424520849043
34.30,0.9768569537139075
34.40,0.9776129552259104
34.50,0.9783199566399133
34.60,0.9790469580939162
34.70,0.979730359460719
34.80,0.9803819607639215
34.90,0.9810714621429243
35.00,0.9817229634459269
35.10,0.9822842502827862
35.20,0.9828274656549314
35.30,0.9833681334029335
35.40,0.9839134678269356
35.50,0.9844149688299376
35.60,0.9849486365639398
35.70,0.9854629709259418
35.80,0.9859809719619439
35.90,0.986496222992446
36.00,0.986974807282948
36.10,0.9874313081959497
36.20,0.9878649757299515
36.30,0.9882819765639531
36.40,0.9886839773679548
36.50,0.9890649781299563
36.60,0.9894208121749577
36.70,0.9897741462149591
36.80,0.9901019802039605
36.90,0.9904369808739617
37.00,0.990748314829963
37.10,0.9910639821279642
37.20,0.9913695827391654
37.30,0.9916784833569666
37.40,0.9919604839209678
37.50,0.9922702702548262
37.60,0.9925185564656844
37.70,0.99274672233555
37.80,0.9930384146482578
37.90,0.9932771532209731
38.00,0.9935365870731742
38.10,0.993768320869975
38.20,0.9939989353662918
38.30,0.9942078217489768
38.40,0.9944172745488348
38.50,0.9946295109981524
38.60,0.9948143229619792
38.70,0.9950219900439801
38.80,0.9951882317557739
38.90,0.9953643907287815
39.00,0.9955487688753155
39.10,0.995690947903635
39.20,0.995852134561412
39.30,0.995994658655984
39.40,0.9961499112187413
39.50,0.9963162426324853
39.60,0.996446228186574
39.70,0.9965833264999863
39.80,0.9967109934219869
39.90,0.9968299936599874
40.00,0.9969476862030647
40.10,0.9970544941089883
40.20,0.9971527720833219
40.30,0.997258044516089
40.40,0.9973639624698604
40.50,0.9974687541967677
40.60,0.9975660284653903
40.70,0.9976554238822763
40.80,0.9977333287999909
40.90,0.9978215745905177
41.00,0.9979160624987916
41.10,0.9979934245582777
41.20,0.9980661961323923
41.30,0.9981567235861744
41.40,0.9982183493778752
41.50,0.9982934793455794
41.60,0.9983556064673105
41.70,0.9984170224750706
41.80,0.9984836160148511
41.90,0.9985400415245276
42.00,0.9985806082723276
42.10,0.9986320621991893
42.20,0.9986866242389202
42.30,0.9987340500996792
42.40,0.9987935873307644
42.50,0.9988264643195953
42.60,0.9988745215585669
42.70,0.9989303728607457
42.80,0.9989701541903083
42.90,0.999014598029196
43.00,0.9990528203278629
43.10,0.9990791231582463
43.20,0.999116672932141
43.30,0.9991514100675261
43.40,0.9991781681676571
43.50,0.9992050505840142
43.60,0.9992383855735453
43.70,0.9992759821585218
43.80,0.9993009048518097
43.90,0.9993208515828796
44.00,0.9993473367228425
44.10,0.9993733623830884
44.20,0.9994112154890977
44.30,0.9994272238544477
44.40,0.9994524928808894
44.50,0.9994677902399284
44.60,0.9994882653081889
44.70,0.9995070071440956
44.80,0.9995261657189981
44.90,0.9995505289023823
45.00,0.9995660303820608
45.10,0.9995778178084854
45.20,0.9995913168296925
45.30,0.9996059204239621
45.40,0.9996255850499867
45.50,0.9996363838881523
45.60,0.9996618356873077
45.70,0.9996713502198934
45.80,0.9996885455955785
45.90,0.9997016422604275
46.00,0.9997234161134989
46.10,0.9997364849802164
46.20,0.9997492729360459
46.30,0.9997565247231335
46.40,0.9997683863292255
46.50,0.9997790850282555
46.60,0.9997827221087968
46.70,0.999790348335145
46.80,0.9998004324366858
46.90,0.9998102335948262
47.00,0.9998158588909771
47.10,0.9998244163154992
47.20,0.9998320988377515
47.30,0.9998399423028355
47.40,0.999845409214628
47.50,0.9998536120850743
47.60,0.9998571457817073
47.70,0.9998598530716614
47.80,0.9998635413937494
47.90,0.9998721499500612
48.00,0.9998791541207244
48.10,0.9998843172868828
48.20,0.9998858752962261
48.30,0.9998901048757511
48.40,0.9998963540527979
48.50,0.9998987867153137
48.60,0.999902197799383
48.70,0.9999061751746693
48.80,0.9999098998197996
48.90,0.9999160370067952
49.00,0.999920190162961
49.10,0.9999251459560339
49.20,0.9999257144620031
49.30,0.9999277669535006
49.40,0.9999330149889033
49.50,0.9999370514204946
49.60,0.9999392554616374
49.70,0.9999417853166416
49.80,0.9999444238654559
49.90,0.999947044286612
50.00,0.9999498322349938
50.10,0.9999514813844442
50.20,0.999952830506754
50.30,0.99995405092851
50.40,0.9999561610331626
50.50,0.9999579506458284
50.60,0.9999598426457665
50.70,0.9999621234060282
50.80,0.9999631737266069
50.90,0.9999651054711081
51.00,0.9999674141607697
51.10,0.9999683254476274
51.20,0.99996870394952
51.30,0.9999700139751156
51.40,0.9999723794373593
51.50,0.9999729079796426
51.60,0.9999744494138215
51.70,0.9999751183502368
51.80,0.9999763846999845
51.90,0.9999771970193836
52.00,0.9999778958328007
52.10,0.9999786073804838
52.20,0.9999791637137859
52.30,0.9999795276155327
52.40,0.9999798915172794
52.50,0.9999805028263351
52.60,0.999981200618139
52.70,0.9999818563571553
52.80,0.9999824483001435
52.90,0.9999830422654338
53.00,0.9999840433014199
53.10,0.999984413672531
53.20,0.9999847840436421
53.30,0.999985453231776
53.40,0.999990666648
53.50,0.9999916562952756
53.60,0.9999925755247194
53.70,0.9999944336623368
53.80,0.9999958078836199
53.90,0.999996365955911
54.00,0.9999968149913847
54.10,0.9999970801577595
54.20,0.9999972164906838
54.30,0.9999973528236081
54.40,0.9999974891565325
54.50,0.9999976254894568
54.60,0.9999977618223812
54.70,0.9999978981553056
54.80,0.9999981137552204
54.90,0.9999985633964074
55.00,0.9999990051728854
55.10,0.999999183617211
55.20,0.9999993620615364
55.30,0.9999995405058619
55.40,0.9999997189501874
55.50,0.9999998973945129
55.60,1.0
55.70,1.0
55.80,1.0
55.90,1.0
56.00,1.0
56.10,1.0
56.20,1.0
56.30,1.0
56.40,1.0
56.50,1.0
56.60,1.0
56.70,1.0
56.80,1.0
56.90,1.0
57.00,1.0
57.10,1.0
57.20,1.0
57.30,1.0
57.40,1.0
57.50,1.0
57.60,1.0
57.70,1.0
57.80,1.0
57.90,1.0
58.00,1.0
58.10,1.0
58.20,1.0
58.30,1.0
58.40,1.0
58.50,1.0
58.60,1.0
58.70,1.0
58.80,1.0
58.90,1.0
59.00,1.0
59.10,1.0
59.20,1.0
59.30,1.0
59.40,1.0
59.50,1.0
59.60,1.0
59.70,1.0
59.80,1.0
59.90,1.0
60.00,1.0
60.10,1.0
60.20,1.0
60.30,1.0
60.40,1.0
60.50,1.0
60.60,1.0
60.70,1.0
60.80,1.0
60.90,1.0
61.00,1.0
61.10,1.0
61.20,1.0
61.30,1.0
61.40,1.0
61.50,1.0
61.60,1.0
61.70,1.0
61.80,1.0
61.90,1.0
62.00,1.0
62.10,1.0
62.20,1.0
62.30,1.0
62.40,1.0
62.50,1.0
62.60,1.0
62.70,1.0
62.80,1.0
62.90,1.0
63.00,1.0
63.10,1.0
63.20,1.0
63.30,1.0
63.40,1.0
63.50,1.0
63.60,1.0
63.70,1.0
63.80,1.0
63.90,1.0
64.00,1.0
64.10,1.0
64.20,1.0
64.30,1.0
64.40,1.0
64.50,1.0
64.60,1.0
64.70,1.0
64.80,1.0
64.90,1.0
65.00,1.0
65.10,1.0
65.20,1.0
65.30,1.0
65.40,1.0
65.50,1.0
65.60,1.0
65.70,1.0
65.80,1.0
65.90,1.0
66.00,1.0
66.10,1.0
66.20,1.0
66.30,1.0
66.40,1.0
66.50,1.0
66.60,1.0
66.70,1.0
66.80,1.0
66.90,1.0
67.00,1.0
67.10,1.0
67.20,1.0
67.30,1.0
67.40,1.0
67.50,1.0
67.60,1.0
67.70,1.0
67.80,1.0
67.90,1.0
68.00,1.0
68.10,1.0
68.20,1.0
68.30,1.0
68.40,1.0
68.50,1.0
68.60,1.0
68.70,1.0
68.80,1.0
68.90,1.0
69.00,1.0
69.10,1.0
69.20,1.0
69.30,1.0
69.40,1.0
69.50,1.0
69.60,1.0
69.70,1.0
69.80,1.0
69.90,1.0
70.00,1.0
70.10,1.0
70.20,1.0
70.30,1.0
70.40,1.0
70.50,1.0
70.60,1.0
70.70,1.0
70.80,1.0
70.90,1.0
71.00,1.0
71.10,1.0
71.20,1.0
71.30,1.0
71.40,1.0
71.50,1.0
71.60,1.0
71.70,1.0
71.80,1.0
71.90,1.0
72.00,1.0
72.10,1.0
72.20,1.0
72.30,1.0
72.40,1.0
72.50,1.0
72.60,1.0
72.70,1.0
72.80,1.0
72.90,1.0
73.00,1.0
73.10,1.0
73.20,1.0
73.30,1.0
73.40,1.0
73.50,1.0
73.60,1.0
73.70,1.0
73.80,1.0
73.90,1.0
74.00,1.0
74.10,1.0
74.20,1.0
74.30,1.0
74.40,1.0
74.50,1.0
74.60,1.0
74.70,1.0
74.80,1.0
74.90,1.0
75.00,1.0
75.10,1.0
75.20,1.0
75.30,1.0
75.40,1.0
75.50,1.0
75.60,1.0
75.70,1.0
75.80,1.0
75.90,1.0
76.00,1.0
76.10,1.0
76.20,1.0
76.30,1.0
76.40,1.0
76.50,1.0
76.60,1.0
76.70,1.0
76.80,1.0
76.90,1.0
77.00,1.0
77.10,1.0
77.20,1.0
77.30,1.0
77.40,1.0
77.50,1.0
77.60,1.0
77.70,1.0
77.80,1.0
77.90,1.0
78.00,1.0
78.10,1.0
78.20,1.0
78.30,1.0
78.40,1.0
78.50,1.0
78.60,1.0
78.70,1.0
78.80,1.0
78.90,1.0
79.00,1.0
79.10,1.0
79.20,1.0
79.30,1.0
79.40,1.0
79.50,1.0
79.60,1.0
79.70,1.0
79.80,1.0
79.90,1.0
80.00,1.0
80.10,1.0
80.20,1.0
80.30,1.0
80.40,1.0
80.50,1.0
80.60,1.0
80.70,1.0
80.80,1.0
80.90,1.0
81.00,1.0
81.10,1.0
81.20,1.0
81.30,1.0
81.40,1.0
81.50,1.0
81.60,1.0
81.70,1.0
81.80,1.0
81.90,1.0
82.00,1.0
82.10,1.0
82.20,1.0
82.30,1.0
82.40,1.0
82.50,1.0
82.60,1.0
82.70,1.0
82.80,1.0
82.90,1.0
83.00,1.0
83.10,1.0
83.20,1.0
83.30,1.0
83.40,1.0
83.50,1.0
83.60,1.0
83.70,1.0
83.80,1.0
83.90,1.0
84.00,1.0
84.10,1.0
84.20,1.0
84.30,1.0
84.40,1.0
84.50,1.0
84.60,1.0
84.70,1.0
84.80,1.0
84.90,1.0
85.00,1.0
85.10,1.0
85.20,1.0
85.30,1.0
85.40,1.0
85.50,1.0
85.60,1.0
85.70,1.0
85.80,1.0
85.90,1.0
86.00,1.0
86.10,1.0
86.20,1.0
86.30,1.0
86.40,1.0
86.50,1.0
86.60,1.0
86.70,1.0
86.80,1.0
86.90,1.0
87.00,1.0
87.10,1.0
87.20,1.0
87.30,1.0
87.40,1.0
87.50,1.0
87.60,1.0
87.70,1.0
87.80,1.0
87.90,1.0
88.00,1.0
88.10,1.0
88.20,1.0
88.30,1.0
88.40,1.0
88.50,1.0
88.60,1.0
88.70,1.0
88.80,1.0
88.90,1.0
89.00,1.0
89.10,1.0
89.20,1.0
89.30,1.0
89.40,1.0
89.50,1.0
89.60,1.0
89.70,1.0
89.80,1.0
89.90,1.0
90.00,1.0
90.10,1.0
90.20,1.0
90.30,1.0
90.40,1.0
90.50,1.0
90.60,1.0
90.70,1.0
90.80,1.0
90.90,1.0
91.00,1.0
91.10,1.0
91.20,1.0
91.30,1.0
91.40,1.0
91.50,1.0
91.60,1.0
91.70,1.0
91.80,1.0
91.90,1.0
92.00,1.0
92.10,1.0
92.20,1.0
92.30,1.0
92.40,1.0
92.50,1.0
92.60,1.0
92.70,1.0
92.80,1.0
92.90,1.0
93.00,1.0
93.10,1.0
93.20,1.0
93.30,1.0
93.40,1.0
93.50,1.0
93.60,1.0
93.70,1.0
93.80,1.0
93.90,1.0
94.00,1.0
94.10,1.0
94.20,1.0
94.30,1.0
94.40,1.0
94.50,1.0
94.60,1.0
94.70,1.0
94.80,1.0
94.90,1.0
95.00,1.0
95.10,1.0
95.20,1.0
95.30,1.0
95.40,1.0
95.50,1.0
95.60,1.0
95.70,1.0
95.80,1.0
95.90,1.0
96.00,1.0
96.10,1.0
96.20,1.0
96.30,1.0
96.40,1.0
96.50,1.0
96.60,1.0
96.70,1.0
96.80,1.0
96.90,1.0
97.00,1.0
97.10,1.0
97.20,1.0
97.30,1.0
97.40,1.0
97.50,1.0
97.60,1.0
97.70,1.0
97.80,1.0
97.90,1.0
98.00,1.0
98.10,1.0
98.20,1.0
98.30,1.0
98.40,1.0
98.50,1.0
98.60,1.0
98.70,1.0
98.80,1.0
98.90,1.0
99.00,1.0
99.10,1.0
99.20,1.0
99.30,1.0
99.40,1.0
99.50,1.0
99.60,1.0
99.70,1.0
99.80,1.0
99.90,1.0
100.00,1.0
100.10,1.0
100.20,1.0
100.30,1.0
100.40,1.0
100.50,1.0
100.60,1.0
100.70,1.0
100.80,1.0
100.90,1.0
101.00,1.0
101.10,1.0
101.20,1.0
101.30,1.0
101.40,1.0
101.50,1.0
101.60,1.0
101.70,1.0
101.80,1.0
101.90,1.0
102.00,1.0
102.10,1.0
102.20,1.0
102.30,1.0
102.40,1.0
102.50,1.0
102.60,1.0
102.70,1.0
102.80,1.0
102.90,1.0
103.00,1.0
103.10,1.0
103.20,1.0
103.30,1.0
103.40,1.0
103.50,1.0
103.60,1.0
103.70,1.0
103.80,1.0
103.90,1.0
104.00,1.0
104.10,1.0
104.20,1.0
104.30,1.0
104.40,1.0
104.50,1.0
104.60,1.0
104.70,1.0
104.80,1.0
104.90,1.0
105.00,1.0
105.10,1.0
105.20,1.0
105.30,1.0
105.40,1.0
105.50,1.0
105.60,1.0
105.70,1.0
105.80,1.0
105.90,1.0
106.00,1.0
106.10,1.0
106.20,1.0
106.30,1.0
106.40,1.0
106.50,1.0
106.60,1.0
106.70,1.0
106.80,1.0
106.90,1.0
107.00,1.0
107.10,1.0
107.20,1.0
107.30,1.0
107.40,1.0
107.50,1.0
107.60,1.0
107.70,1.0
107.80,1.0
107.90,1.0
108.00,1.0
108.10,1.0
108.20,1.0
108.30,1.0
108.40,1.0
108.50,1.0
108.60,1.0
108.70,1.0
108.80,1.0
108.90,1.0
109.00,1.0
109.10,1.0
109.20,1.0
109.30,1.0
109.40,1.0
109.50,1.0
109.60,1.0
109.70,1.0
109.80,1.0
109.90,1.0
110.00,1.0
110.10,1.0
110.20,1.0
110.30,1.0
110.40,1.0
110.50,1.0
110.60,1.0
110.70,1.0
110.80,1.0
110.90,1.0
111.00,1.0
111.10,1.0
111.20,1.0
111.30,1.0
111.40,1.0
111.50,1.0
111.60,1.0
111.70,1.0
111.80,1.0
111.90,1.0
112.00,1.0
112.10,1.0
112.20,1.0
112.30,1.0
112.40,1.0
112.50,1.0
112.60,1.0
112.70,1.0
112.80,1.0
112.90,1.0
113.00,1.0
113.10,1.0
113.20,1.0
113.30,1.0
113.40,1.0
113.50,1.0
113.60,1.0
113.70,1.0
113.80,1.0
113.90,1.0
114.00,1.0
114.10,1.0
114.20,1.0
114.30,1.0
114.40,1.0
114.50,1.0
114.60,1.0
114.70,1.0
114.80,1.0
114.90,1.0
115.00,1.0
115.10,1.0
115.20,1.0
115.30,1.0
115.40,1.0
115.50,1.0
115.60,1.0
115.70,1.0
115.80,1.0
115.90,1.0
116.00,1.0
116.10,1.0
116.20,1.0
116.30,1.0
116.40,1.0
116.50,1.0
116.60,1.0
116.70,1.0
116.80,1.0
116.90,1.0
117.00,1.0
117.10,1.0
117.20,1.0
117.30,1.0
117.40,1.0
117.50,1.0
117.60,1.0
117.70,1.0
117.80,1.0
117.90,1.0
118.00,1.0
118.10,1.0
118.20,1.0
118.30,1.0
118.40,1.0
118.50,1.0
118.60,1.0
118.70,1.0
118.80,1.0
118.90,1.0
119.00,1.0
119.10,1.0
119.20,1.0
119.30,1.0
119.40,1.0
119.50,1.0
119.60,1.0
119.70,1.0
119.80,1.0
119.90,1.0
120.00,1.0
120.10,1.0
120.20,1.0
120.30,1.0
120.40,1.0
120.50,1.0
120.60,1.0
120.70,1.0
120.80,1.0
120.90,1.0
121.00,1.0
121.10,1.0
121.20,1.0
121.30,1.0
121.40,1.0
121.50,1.0
121.60,1.0
121.70,1.0
121.80,1.0
121.90,1.0
122.00,1.0
122.10,1.0
122.20,1.0
122.30,1.0
122.40,1.0
122.50,1.0
122.60,1.0
122.70,1.0
122.80,1.0
122.90,1.0
123.00,1.0
123.10,1.0
123.20,1.0
123.30,1.0
123.40,1.0
123.50,1.0
123.60,1.0
123.70,1.0
123.80,1.0
123.90,1.0
124.00,1.0
124.10,1.0
124.20,1.0
124.30,1.0
124.40,1.0
124.50,1.0
124.60,1.0
124.70,1.0
124.80,1.0
124.90,1.0
125.00,1.0
125.10,1.0
125.20,1.0
125.30,1.0
125.40,1.0
125.50,1.0
125.60,1.0
125.70,1.0
125.80,1.0
125.90,1.0
126.00,1.0
126.10,1.0
126.20,1.0
126.30,1.0
126.40,1.0
126.50,1.0
126.60,1.0
126.70,1.0
126.80,1.0
126.90,1.0
127.00,1.0
127.10,1.0
127.20,1.0
127.30,1.0
127.40,1.0
127.50,1.0
127.60,1.0
127.70,1.0
127.80,1.0
127.90,1.0
128.00,1.0
128.10,1.0
128.20,1.0
128.30,1.0
128.40,1.0
128.50,1.0
128.60,1.0
128.70,1.0
128.80,1.0
128.90,1.0
129.00,1.0
129.10,1.0
129.20,1.0
129.30,1.0
129.40,1.0
129.50,1.0
129.60,1.0
129.70,1.0
129.80,1.0
129.90,1.0
130.00,1.0
130.10,1.0
130.20,1.0
130.30,1.0
130.40,1.0
130.50,1.0
130.60,1.0
130.70,1.0
130.80,1.0
130.90,1.0
131.00,1.0
131.10,1.0
131.20,1.0
131.30,1.0
131.40,1.0
131.50,1.0
131.60,1.0
131.70,1.0
131.80,1.0
131.90,1.0
132.00,1.0
132.10,1.0
132.20,1.0
132.30,1.0
132.40,1.0
132.50,1.0
132.60,1.0
132.70,1.0
132.80,1.0
132.90,1.0
133.00,1.0
133.10,1.0
133.20,1.0
133.30,1.0
133.40,1.0
133.50,1.0
133.60,1.0
133.70,1.0
133.80,1.0
133.90,1.0
134.00,1.0
134.10,1.0
134.20,1.0
134.30,1.0
134.40,1.0
134.50,1.0
134.60,1.0
134.70,1.0
134.80,1.0
134.90,1.0
135.00,1.0
135.10,1.0
135.20,1.0
135.30,1.0
135.40,1.0
135.50,1.0
135.60,1.0
135.70,1.0
135.80,1.0
135.90,1.0
136.00,1.0
136.10,1.0
136.20,1.0
136.30,1.0
136.40,1.0
136.50,1.0
136.60,1.0
136.70,1.0
136.80,1.0
136.90,1.0
137.00,1.0
137.10,1.0
137.20,1.0
137.30,1.0
137.40,1.0
137.50,1.0
137.60,1.0
137.70,1.0
137.80,1.0
137.90,1.0
138.00,1.0
138.10,1.0
138.20,1.0
138.30,1.0
138.40,1.0
138.50,1.0
138.60,1.0
138.70,1.0
138.80,1.0
138.90,1.0
139.00,1.0
139.10,1.0
139.20,1.0
139.30,1.0
139.40,1.0
139.50,1.0
139.60,1.0
139.70,1.0
139.80,1.0
139.90,1.0
140.00,1.0
140.10,1.0
140.20,1.0
140.30,1.0
140.40,1.0
140.50,1.0
140.60,1.0
140.70,1.0
140.80,1.0
140.90,1.0
141.00,1.0
141.10,1.0
141.20,1.0
141.30,1.0
141.40,1.0
141.50,1.0
141.60,1.0
141.70,1.0
141.80,1.0
141.90,1.0
142.00,1.0
142.10,1.0
142.20,1.0
142.30,1.0
142.40,1.0
142.50,1.0
142.60,1.0
142.70,1.0
142.80,1.0
142.90,1.0
143.00,1.0
143.10,1.0
143.20,1.0
143.30,1.0
143.40,1.0
143.50,1.0
143.60,1.0
143.70,1.0
143.80,1.0
143.90,1.0
144.00,1.0
144.10,1.0
144.20,1.0
144.30,1.0
144.40,1.0
144.50,1.0
144.60,1.0
144.70,1.0
144.80,1.0
144.90,1.0
145.00,1.0
145.10,1.0
145.20,1.0
145.30,1.0
145.40,1.0
145.50,1.0
145.60,1.0
145.70,1.0
145.80,1.0
145.90,1.0
146.00,1.0
146.10,1.0
146.20,1.0
146.30,1.0
146.40,1.0
146.50,1.0
146.60,1.0
146.70,1.0
146.80,1.0
146.90,1.0
147.00,1.0
147.10,1.0
147.20,1.0
147.30,1.0
147.40,1.0
147.50,1.0
147.60,1.0
147.70,1.0
147.80,1.0
147.90,1.0
148.00,1.0
148.10,1.0
148.20,1.0
148.30,1.0
148.40,1.0
148.50,1.0
148.60,1.0
148.70,1.0
148.80,1.0
148.90,1.0
149.00,1.0
149.10,1.0
149.20,1.0
149.30,1.0
149.40,1.0
149.50,1.0
149.60,1.0
149.70,1.0
149.80,1.0
149.90,1.0
150.00,1.0
150.10,1.0
150.20,1.0
150.30,1.0
150.40,1.0
150.50,1.0
150.60,1.0
150.70,1.0
150.80,1.0
150.90,1.0
151.00,1.0
151.10,1.0
151.20,1.0
151.30,1.0
151.40,1.0
151.50,1.0
151.60,1.0
151.70,1.0
151.80,1.0
151.90,1.0
152.00,1.0
152.10,1.0
152.20,1.0
152.30,1.0
152.40,1.0
152.50,1.0
152.60,1.0
152.70,1.0
152.80,1.0
152.90,1.0
153.00,1.0
153.10,1.0
153.20,1.0
153.30,1.0
153.40,1.0
153.50,1.0
153.60,1.0
153.70,1.0
153.80,1.0
153.90,1.0
154.00,1.0
154.10,1.0
154.20,1.0
154.30,1.0
154.40,1.0
154.50,1.0
154.60,1.0
154.70,1.0
154.80,1.0
154.90,1.0
155.00,1.0
155.10,1.0
155.20,1.0
155.30,1.0
155.40,1.0
155.50,1.0
155.60,1.0
155.70,1.0
155.80,1.0
155.90,1.0
156.00,1.0
156.10,1.0
156.20,1.0
156.30,1.0
156.40,1.0
156.50,1.0
156.60,1.0
156.70,1.0
156.80,1.0
156.90,1.0
157.00,1.0
157.10,1.0
157.20,1.0
157.30,1.0
157.40,1.0
157.50,1.0
157.60,1.0
157.70,1.0
157.80,1.0
157.90,1.0
158.00,1.0
158.10,1.0
158.20,1.0
158.30,1.0
158.40,1.0
158.50,1.0
158.60,1.0
158.70,1.0
158.80,1.0
158.90,1.0
159.00,1.0
159.10,1.0
159.20,1.0
159.30,1.0
159.40,1.0
159.50,1.0
159.60,1.0
159.70,1.0
159.80,1.0
159.90,1.0
160.00,1.0
160.10,1.0
160.20,1.0
160.30,1.0
160.40,1.0
160.50,1.0
160.60,1.0
160.70,1.0
160.80,1.0
160.90,1.0
161.00,1.0
161.10,1.0
161.20,1.0
161.30,1.0
161.40,1.0
161.50,1.0
161.60,1.0
161.70,1.0
161.80,1.0
161.90,1.0
162.00,1.0
162.10,1.0
162.20,1.0
162.30,1.0
162.40,1.0
162.50,1.0
162.60,1.0
162.70,1.0
162.80,1.0
162.90,1.0
163.00,1.0
163.10,1.0
163.20,1.0
163.30,1.0
163.40,1.0
163.50,1.0
163.60,1.0
163.70,1.0
163.80,1.0
163.90,1.0
164.00,1.0
164.10,1.0
164.20,1.0
164.30,1.0
164.40,1.0
164.50,1.0
164.60,1.0
164.70,1.0
164.80,1.0
164.90,1.0
165.00,1.0
165.10,1.0
165.20,1.0
165.30,1.0
165.40,1.0
165.50,1.0
165.60,1.0
165.70,1.0
165.80,1.0
165.90,1.0
166.00,1.0
166.10,1.0
166.20,1.0
166.30,1.0
166.40,1.0
166.50,1.0
166.60,1.0
166.70,1.0
166.80,1.0
166.90,1.0
167.00,1.0
167.10,1.0
167.20,1.0
167.30,1.0
167.40,1.0
167.50,1.0
167.60,1.0
167.70,1.0
167.80,1.0
167.90,1.0
168.00,1.0
168.10,1.0
168.20,1.0
168.30,1.0
168.40,1.0
168.50,1.0
168.60,1.0
168.70,1.0
168.80,1.0
168.90,1.0
169.00,1.0
169.10,1.0
169.20,1.0
169.30,1.0
169.40,1.0
169.50,1.0
169.60,1.0
169.70,1.0
169.80,1.0
169.90,1.0
170.00,1.0
170.10,1.0
170.20,1.0
170.30,1.0
170.40,1.0
170.50,1.0
170.60,1.0
170.70,1.0
170.80,1.0
170.90,1.0
171.00,1.0
171.10,1.0
171.20,1.0
171.30,1.0
171.40,1.0
171.50,1.0
171.60,1.0
171.70,1.0
171.80,1.0
171.90,1.0
172.00,1.0
172.10,1.0
172.20,1.0
172.30,1.0
172.40,1.0
172.50,1.0
172.60,1.0
172.70,1.0
172.80,1.0
172.90,1.0
173.00,1.0
173.10,1.0
173.20,1.0
173.30,1.0
173.40,1.0
173.50,1.0
173.60,1.0
173.70,1.0
173.80,1.0
173.90,1.0
174.00,1.0
174.10,1.0
174.20,1.0
174.30,1.0
174.40,1.0
174.50,1.0
174.60,1.0
174.70,1.0
174.80,1.0
174.90,1.0
175.00,1.0
175.10,1.0
175.20,1.0
175.30,1.0
175.40,1.0
175.50,1.0
175.60,1.0
175.70,1.0
175.80,1.0
175.90,1.0
176.00,1.0
176.10,1.0
176.20,1.0
176.30,1.0
176.40,1.0
176.50,1.0
176.60,1.0
176.70,1.0
176.80,1.0
176.90,1.0
177.00,1.0
177.10,1.0
177.20,1.0
177.30,1.0
177.40,1.0
177.50,1.0
177.60,1.0
177.70,1.0
177.80,1.0
177.90,1.0
178.00,1.0
178.10,1.0
178.20,1.0
178.30,1.0
178.40,1.0
178.50,1.0
178.60,1.0
178.70,1.0
178.80,1.0
178.90,1.0
179.00,1.0
179.10,1.0
179.20,1.0
179.30,1.0
179.40,1.0
179.50,1.0
179.60,1.0
179.70,1.0
179.80,1.0
179.90,1.0
180.00,1.0
180.10,1.0
180.20,1.0
180.30,1.0
180.40,1.0
180.50,1.0
180.60,1.0
180.70,1.0
180.80,1.0
180.90,1.0
181.00,1.0
181.10,1.0
181.20,1.0
181.30,1.0
181.40,1.0
181.50,1.0
181.60,1.0
181.70,1.0
181.80,1.0
181.90,1.0
182.00,1.0
182.10,1.0
182.20,1.0
182.30,1.0
182.40,1.0
182.50,1.0
182.60,1.0
182.70,1.0
182.80,1.0
182.90,1.0
183.00,1.0
183.10,1.0
183.20,1.0
183.30,1.0
183.40,1.0
183.50,1.0
183.60,1.0
183.70,1.0
183.80,1.0
183.90,1.0
184.00,1.0
184.10,1.0
184.20,1.0
184.30,1.0
184.40,1.0
184.50,1.0
184.60,1.0
184.70,1.0
184.80,1.0
184.90,1.0
185.00,1.0
185.10,1.0
185.20,1.0
185.30,1.0
185.40,1.0
185.50,1.0
185.60,1.0
185.70,1.0
185.80,1.0
185.90,1.0
186.00,1.0
186.10,1.0
186.20,1.0
186.30,1.0
186.40,1.0
186.50,1.0
186.60,1.0
186.70,1.0
186.80,1.0
186.90,1.0
187.00,1.0
187.10,1.0
187.20,1.0
187.30,1.0
187.40,1.0
187.50,1.0
187.60,1.0
187.70,1.0
187.80,1.0
187.90,1.0
188.00,1.0
188.10,1.0
188.20,1.0
188.30,1.0
188.40,1.0
188.50,1.0
188.60,1.0
188.70,1.0
188.80,1.0
188.90,1.0
189.00,1.0
189.10,1.0
189.20,1.0
189.30,1.0
189.40,1.0
189.50,1.0
189.60,1.0
189.70,1.0
189.80,1.0
189.90,1.0
190.00,1.0
190.10,1.0
190.20,1.0
190.30,1.0
190.40,1.0
190.50,1.0
190.60,1.0
190.70,1.0
190.80,1.0
190.90,1.0
191.00,1.0
191.10,1.0
191.20,1.0
191.30,1.0
191.40,1.0
191.50,1.0
191.60,1.0
191.70,1.0
191.80,1.0
191.90,1.0
192.00,1.0
192.10,1.0
192.20,1.0
192.30,1.0
192.40,1.0
192.50,1.0
192.60,1.0
192.70,1.0
192.80,1.0
192.90,1.0
193.00,1.0
193.10,1.0
193.20,1.0
193.30,1.0
193.40,1.0
193.50,1.0
193.60,1.0
193.70,1.0
193.80,1.0
193.90,1.0
194.00,1.0
194.10,1.0
194.20,1.0
194.30,1.0
194.40,1.0
194.50,1.0
194.60,1.0
194.70,1.0
194.80,1.0
194.90,1.0
195.00,1.0
195.10,1.0
195.20,1.0
195.30,1.0
195.40,1.0
195.50,1.0
195.60,1.0
195.70,1.0
195.80,1.0
195.90,1.0
196.00,1.0
196.10,1.0
196.20,1.0
196.30,1.0
196.40,1.0
196.50,1.0
196.60,1.0
196.70,1.0
196.80,1.0
196.90,1.0
197.00,1.0
197.10,1.0
197.20,1.0
197.30,1.0
197.40,1.0
197.50,1.0
197.60,1.0
197.70,1.0
197.80,1.0
197.90,1.0
198.00,1.0
198.10,1.0
198.20,1.0
198.30,1.0
198.40,1.0
198.50,1.0
198.60,1.0
198.70,1.0
198.80,1.0
198.90,1.0
199.00,1.0
199.10,1.0
199.20,1.0
199.30,1.0
199.40,1.0
199.50,1.0
199.60,1.0
199.70,1.0
199.80,1.0
199.90,1.0
200.00,1.0
