0,0
0.1,4.80651787228965e-13
0.2,6.377927060816e-09
0.3,1.02057642433096e-06
0.4,2.79977341982482e-05
0.5,0.000301688520274344
0.6,0.00180981958145635
0.7,0.00722666511190559
0.8,0.0213625927215773
0.9,0.0501469543866203
1,0.0982257355865825
1.1,0.16655233893639
1.2,0.251478792811816
1.3,0.345794448844147
1.4,0.44097709381851
1.5,0.529473663418164
1.6,0.606150961874308
1.7,0.668681666767186
1.8,0.717115791028991
1.9,0.753068093715756
2,0.778891237979857
2.1,0.797043577175521
2.2,0.809709466762007
2.3,0.818636600363139
2.4,0.825119393399091
2.5,0.830059717219223
2.6,0.83405496227859
2.7,0.837484140734518
2.8,0.840578853824183
2.9,0.843475993272884
3,0.846254084037368
3.1,0.848956952468068
3.2,0.851608439254395
3.3,0.85422119411801
3.4,0.856801758227727
3.5,0.859353415493545
3.6,0.861877750534516
3.7,0.864375480017851
3.8,0.866846886836535
3.9,0.869292042466185
4,0.871710918818591
4.1,0.874103443592393
4.2,0.876469527257328
4.3,0.878809076035114
4.4,0.881121998073606
4.5,0.883408206358961
4.6,0.885667620084492
4.7,0.88790016529743
4.8,0.890105775210677
4.9,0.892284390359694
5,0.894435958687339
5.1,0.896560435594314
5.2,0.898657783972117
5.3,0.900727974226015
5.4,0.90277098429132
5.5,0.904786799644363
5.6,0.906775413308774
5.7,0.908736825857265
5.8,0.910671045409008
5.9,0.912578087622604
5.99999999999999,0.914457975684625
6.09999999999999,0.916310740293709
6.19999999999999,0.918136419640167
6.29999999999999,0.919935059381083
6.39999999999999,0.921706712610887
6.49999999999999,0.923451439827355
6.59999999999999,0.925169308893056
6.69999999999999,0.926860394992195
6.79999999999999,0.928524780582862
6.89999999999999,0.930162555344683
6.99999999999999,0.931773816121856
7.09999999999999,0.933358666861589
7.19999999999999,0.934917218547941
7.29999999999999,0.936449589131076
7.39999999999999,0.937955903451948
7.49999999999999,0.939436293162439
7.59999999999999,0.940890896640973
7.69999999999999,0.942319858903633
7.79999999999999,0.943723331510825
7.89999999999999,0.945101472469522
7.99999999999999,0.94645444613113
8.09999999999999,0.947782423085032
8.19999999999999,0.949085580047865
8.29999999999999,0.950364099748586
8.39999999999999,0.951618170809388
8.49999999999999,0.952847987622552
8.59999999999999,0.954053750223288
8.69999999999999,0.955235664158667
8.79999999999998,0.956393940352713
8.89999999999998,0.957528794967755
8.99999999999998,0.958640449262136
9.09999999999998,0.95972912944437
9.19999999999998,0.960795066523864
9.29999999999998,0.961838496158315
9.39999999999998,0.962859658497889
9.49999999999998,0.963858798026315
9.59999999999998,0.964836163399015
9.69999999999998,0.965792007278404
9.79999999999998,0.966726586166486
9.89999999999998,0.967640160234908
9.99999999999998,0.968532993152588
10.1,0.969405351911103
10.2,0.970257506647951
10.3,0.971089730467883
10.4,0.971902299262445
10.5,0.972695491527897
10.6,0.973469588181701
10.7,0.974224872377721
10.8,0.974961629320342
10.9,0.975680146077671
11,0.976380711394009
11.1,0.977063615501785
11.2,0.977729149933143
11.3,0.97837760733136
11.4,0.979009281262319
11.5,0.979624466026197
11.6,0.9802234564696
11.7,0.980806547798321
11.8,0.981374035390944
11.9,0.98192621461347
12,0.982463380635193
12.1,0.982985828246018
12.2,0.983493851675419
12.3,0.983987744413251
12.4,0.984467799032615
12.5,0.984934307014968
12.6,0.985387558577693
12.7,0.985827842504319
12.8,0.986255445977586
12.9,0.986670654415556
13,0.98707375131095
13.1,0.987465018073912
13.2,0.98784473387838
13.3,0.988213175512236
13.4,0.988570617231425
13.5,0.988917330618211
13.6,0.989253584443728
13.7,0.989579644534997
13.8,0.989895773646567
13.9,0.990202231336919
14,0.990499273849781
14.1,0.990787154000499
14.2,0.99106612106757
14.3,0.991336420689493
14.4,0.99159829476701
14.5,0.991851981370877
14.6,0.992097714655246
14.7,0.992335724776734
14.8,0.992566237819291
14.9,0.99278947572489
15,0.993005656230138
15.1,0.993214992808831
15.2,0.993417694620504
15.3,0.99361396646499
15.4,0.993804008743022
15.5,0.993988017422868
15.6,0.994166184012998
15.7,0.994338695540769
15.8,0.994505734537097
15.9,0.99466747902707
16,0.99482410252646
16.1,0.994975774044062
16.2,0.995122658089787
16.3,0.995264914688427
16.4,0.995402699398979
16.5,0.995536163339438
16.6,0.995665453216919
16.7,0.995790711362983
16.8,0.995912075774026
16.9,0.996029680156571
17,0.996143653977295
17.1,0.996254122517626
17.2,0.996361206932715
17.3,0.996465024314592
17.4,0.996565687759301
17.5,0.996663306437802
17.6,0.996757985670421
17.7,0.996849827004619
17.8,0.99693892829584
17.9,0.99702538379121
18,0.997109284215822
18.1,0.997190716861377
18.2,0.9972697656769
18.3,0.997346511361298
18.4,0.997421031457479
18.5,0.997493400447776
18.6,0.997563689850414
18.7,0.997631968316749
18.8,0.997698301729023
18.9,0.99776275329837
19,0.997825383662811
19.1,0.997886250984992
19.2,0.997945411049409
19.3,0.998002917358872
19.4,0.998058821229982
19.5,0.99811317188738
19.6,0.998166016556551
19.7,0.998217400554977
19.8,0.998267367381423
19.9,0.998315958803182
20,0.998363214941095
20.1,0.998409174352179
20.2,0.998453874109714
20.3,0.998497349880654
20.4,0.998539636000244
20.5,0.998580765543726
20.6,0.998620770395059
20.7,0.998659681312571
20.8,0.998697527991489
20.9,0.998734339123311
21,0.998770142451997
21.1,0.998804964826972
21.2,0.99883883225296
21.3,0.998871769936671
21.4,0.998903802330393
21.5,0.998934953172551
21.6,0.998965245525303
21.7,0.998994701809274
21.8,0.999023343835524
21.9,0.999051192834879
22,0.999078269484739
22.1,0.999104593933512
22.2,0.999130185822818
22.3,0.999155064307612
22.4,0.999179248074392
22.5,0.999202755357647
22.6000000000001,0.999225603954706
22.7000000000001,0.999247811239159
22.8000000000001,0.999269394172994
22.9000000000001,0.999290369317627
23.0000000000001,0.999310752843948
23.1000000000001,0.999330560541538
23.2000000000001,0.999349807827189
23.3000000000001,0.999368509752829
23.4000000000001,0.999386681012983
23.5000000000001,0.999404335951842
23.6000000000001,0.999421488570026
23.7000000000001,0.999438152531114
23.8000000000001,0.999454341167987
23.9000000000001,0.999470067489026
24.0000000000001,0.999485344184204
24.1000000000001,0.99950018363108
24.2000000000001,0.999514597900732
24.3000000000001,0.999528598763615
24.4000000000001,0.999542197695375
24.5000000000001,0.999555405882602
24.6000000000001,0.999568234228532
24.7000000000001,0.999580693358708
24.8000000000001,0.999592793626577
24.9000000000001,0.99960454511904
25.0000000000001,0.999615957661956
25.1000000000001,0.999627040825576
25.2000000000001,0.999637803929935
25.3000000000001,0.999648256050174
25.4000000000001,0.999658406021815
25.5000000000001,0.999668262445966
25.6000000000001,0.999677833694464
25.7000000000001,0.999687127914966
25.8000000000001,0.999696153035962
25.9000000000001,0.999704916771731
26.0000000000001,0.999713426627231
26.1000000000001,0.999721689902914
26.2000000000001,0.999729713699486
26.3000000000001,0.999737504922588
26.4000000000001,0.999745070287407
26.5000000000001,0.99975241632323
26.6000000000001,0.999759549377909
26.7000000000001,0.999766475622272
26.8000000000001,0.999773201054451
26.9000000000001,0.999779731504142
27.0000000000001,0.999786072636797
27.1000000000001,0.999792229957736
27.2000000000001,0.999798208816195
27.3000000000001,0.999804014409293
27.4000000000001,0.999809651785935
27.5000000000001,0.999815125850636
27.6000000000001,0.999820441367273
27.7000000000001,0.999825602962772
27.8000000000001,0.999830615130715
27.9000000000001,0.999835482234875
28.0000000000001,0.999840208512687
28.1000000000001,0.999844798078639
28.2000000000001,0.999849254927602
28.3000000000001,0.999853582938075
28.4000000000001,0.999857785875379
28.5000000000001,0.999861867394762
28.6000000000001,0.999865831044451
28.7000000000001,0.99986968026863
28.8000000000001,0.999873418410344
28.9000000000001,0.999877048714346
29.0000000000001,0.999880574329874
29.1000000000001,0.999883998313361
29.2000000000001,0.999887323631078
29.3000000000001,0.999890553161724
29.4000000000001,0.999893689698936
29.5000000000001,0.999896735953754
29.6000000000002,0.99989969455701
29.7000000000002,0.999902568061665
29.8000000000002,0.999905358945084
29.9000000000002,0.999908069611255
30.0000000000002,0.99991070239294
30.1000000000002,0.999913259553785
30.2000000000002,0.999915743290358
30.3000000000002,0.999918155734145
30.4000000000002,0.999920498953485
30.5000000000002,0.999922774955451
30.6000000000002,0.999924985687685
30.7000000000002,0.999927133040179
30.8000000000002,0.999929218847001
30.9000000000002,0.999931244887984
31.0000000000002,0.999933212890352
31.1000000000002,0.999935124530315
31.2000000000002,0.999936981434604
31.3000000000002,0.999938785181969
31.4000000000002,0.999940537304636
31.5000000000002,0.999942239289708
31.6000000000002,0.999943892580541
31.7000000000002,0.999945498578068
31.8000000000002,0.999947058642086
31.9000000000002,0.999948574092504
32.0000000000002,0.999950046210555
32.1000000000002,0.999951476239971
32.2000000000002,0.999952865388117
32.3000000000002,0.999954214827098
32.4000000000002,0.999955525694827
32.5000000000002,0.999956799096058
32.6000000000002,0.999958036103395
32.7000000000002,0.999959237758259
32.8000000000002,0.999960405071835
32.9000000000002,0.99996153902598
33.0000000000002,0.999962640574112
33.1000000000002,0.999963710642061
33.2000000000002,0.999964750128902
33.3000000000002,0.999965759907758
33.4000000000002,0.999966740826573
33.5000000000002,0.999967693708871
33.6000000000002,0.999968619354482
33.7000000000002,0.99996951854025
33.8000000000002,0.999970392020712
33.9000000000002,0.999971240528768
34.0000000000002,0.999972064776316
34.1000000000002,0.999972865454875
34.2000000000002,0.999973643236185
34.3000000000002,0.999974398772793
34.4000000000002,0.999975132698612
34.5000000000002,0.99997584562947
34.6000000000002,0.999976538163639
34.7000000000002,0.999977210882348
34.8000000000002,0.999977864350276
34.9000000000002,0.999978499116039
35.0000000000002,0.999979115712648
35.1000000000002,0.999979714657969
35.2000000000002,0.999980296455153
35.3000000000002,0.999980861593066
35.4000000000002,0.999981410546696
35.5000000000002,0.999981943777552
35.6000000000002,0.999982461734055
35.7000000000002,0.999982964851904
35.8000000000002,0.999983453554446
35.9000000000002,0.999983928253025
36.0000000000002,0.999984389347326
36.1000000000002,0.999984837225705
36.2000000000002,0.999985272265507
36.3000000000002,0.999985694833385
36.4000000000002,0.999986105285598
36.5000000000002,0.999986503968306
36.6000000000003,0.999986891217854
36.7000000000003,0.999987267361051
36.8000000000003,0.999987632715438
36.9000000000003,0.999987987589546
37.0000000000003,0.999988332283156
37.1000000000003,0.999988667087538
37.2000000000003,0.999988992285695
37.3000000000003,0.999989308152594
37.4000000000003,0.999989614955389
37.5000000000003,0.999989912953646
37.6000000000003,0.99999020239955
37.7000000000003,0.999990483538115
37.8000000000003,0.999990756607386
37.9000000000003,0.999991021838632
38.0000000000003,0.999991279456539
38.1000000000003,0.999991529679393
38.2000000000003,0.999991772719259
38.3000000000003,0.999992008782157
38.4000000000003,0.999992238068233
38.5000000000003,0.999992460771922
38.6000000000003,0.999992677082107
38.7000000000003,0.99999288718228
38.8000000000003,0.999993091250691
38.9000000000003,0.999993289460494
39.0000000000003,0.999993481979893
39.1000000000003,0.999993668972281
39.2000000000003,0.999993850596376
39.3000000000003,0.999994027006352
39.4000000000003,0.999994198351969
39.5000000000003,0.999994364778695
39.6000000000003,0.999994526427832
39.7000000000003,0.999994683436628
39.8000000000003,0.999994835938399
39.9000000000003,0.999994984062634
40.0000000000003,0.999995127935107
40.1000000000003,0.999995267677983
40.2000000000003,0.999995403409918
40.3000000000003,0.999995535246163
40.4000000000003,0.999995663298655
40.5000000000003,0.999995787676119
40.6000000000003,0.999995908484151
40.7000000000003,0.999996025825316
40.8000000000003,0.999996139799229
40.9000000000003,0.999996250502639
41.0000000000003,0.999996358029514
41.1000000000003,0.999996462471122
41.2000000000003,0.9999965639161
41.3000000000003,0.999996662450542
41.4000000000003,0.999996758158058
41.5000000000003,0.999996851119858
41.6000000000003,0.999996941414812
41.7000000000003,0.999997029119522
41.8000000000003,0.999997114308384
41.9000000000003,0.999997197053654
42.0000000000003,0.99999727742551
42.1000000000003,0.999997355492108
42.2000000000003,0.999997431319642
42.3000000000003,0.999997504972405
42.4000000000003,0.999997576512836
42.5000000000003,0.999997646001579
42.6000000000003,0.999997713497532
42.7000000000003,0.9999977790579
42.8000000000003,0.99999784273824
42.9000000000003,0.999997904592512
43.0000000000003,0.999997964673123
43.1000000000003,0.999998023030973
43.2000000000003,0.999998079715498
43.3000000000003,0.999998134774712
43.4000000000003,0.999998188255248
43.5000000000003,0.999998240202398
43.6000000000003,0.999998290660154
43.7000000000004,0.99999833967124
43.8000000000004,0.999998387277154
43.9000000000004,0.9999984335182
44.0000000000004,0.999998478433525
44.1000000000004,0.99999852206115
44.2000000000004,0.999998564438005
44.3000000000004,0.999998605599959
44.4000000000004,0.999998645581848
44.5000000000004,0.99999868441751
44.6000000000004,0.999998722139811
44.7000000000004,0.999998758780673
44.8000000000004,0.999998794371102
44.9000000000004,0.999998828941213
45.0000000000004,0.999998862520256
45.1000000000004,0.999998895136643
45.2000000000004,0.99999892681797
45.3000000000004,0.999998957591042
45.4000000000004,0.999998987481894
45.5000000000004,0.999999016515814
45.6000000000004,0.999999044717364
45.7000000000004,0.999999072110404
45.8000000000004,0.999999098718107
45.9000000000004,0.999999124562983
46.0000000000004,0.999999149666896
46.1000000000004,0.999999174051084
46.2000000000004,0.999999197736173
46.3000000000004,0.999999220742202
46.4000000000004,0.999999243088634
46.5000000000004,0.999999264794372
46.6000000000004,0.99999928587778
46.7000000000004,0.999999306356694
46.8000000000004,0.999999326248439
46.9000000000004,0.999999345569846
47.0000000000004,0.999999364337259
47.1000000000004,0.999999382566559
47.2000000000004,0.999999400273167
47.3000000000004,0.999999417472066
47.4000000000004,0.999999434177807
47.5000000000004,0.999999450404526
47.6000000000004,0.999999466165954
47.7000000000004,0.999999481475426
47.8000000000004,0.999999496345898
47.9000000000004,0.999999510789954
48.0000000000004,0.999999524819816
48.1000000000004,0.999999538447358
48.2000000000004,0.999999551684113
48.3000000000004,0.999999564541283
48.4000000000004,0.99999957702975
48.5000000000004,0.999999589160084
48.6000000000004,0.999999600942551
48.7000000000004,0.999999612387125
48.8000000000004,0.999999623503493
48.9000000000004,0.999999634301064
49.0000000000004,0.999999644788979
49.1000000000004,0.999999654976115
49.2000000000004,0.999999664871096
49.3000000000004,0.9999996744823
49.4000000000004,0.999999683817863
49.5000000000004,0.999999692885689
49.6000000000004,0.999999701693454
49.7000000000004,0.999999710248615
49.8000000000004,0.999999718558417
49.9000000000004,0.999999726629895
50.0000000000004,0.999999734469883
50.1000000000004,0.999999742085019
50.2000000000004,0.999999749481752
50.3000000000004,0.999999756666345
50.4000000000004,0.999999763644881
50.5000000000004,0.99999977042327
50.6000000000004,0.999999777007253
50.7000000000005,0.999999783402403
50.8000000000005,0.999999789614137
50.9000000000005,0.999999795647716
51.0000000000005,0.999999801508249
51.1000000000005,0.999999807200698
51.2000000000005,0.999999812729886
51.3000000000005,0.999999818100493
51.4000000000005,0.999999823317069
51.5000000000005,0.999999828384031
51.6000000000005,0.999999833305671
51.7000000000005,0.999999838086156
51.8000000000005,0.999999842729536
51.9000000000005,0.999999847239743
52.0000000000005,0.999999851620596
52.1000000000005,0.999999855875805
52.2000000000005,0.999999860008976
52.3000000000005,0.999999864023607
52.4000000000005,0.999999867923099
52.5000000000005,0.999999871710754
52.6000000000005,0.999999875389781
52.7000000000005,0.999999878963295
52.8000000000005,0.999999882434322
52.9000000000005,0.999999885805802
53.0000000000005,0.999999889080591
53.1000000000005,0.999999892261461
53.2000000000005,0.999999895351107
53.3000000000005,0.999999898352144
53.4000000000005,0.999999901267116
53.5000000000005,0.999999904098489
53.6000000000005,0.999999906848662
53.7000000000005,0.999999909519964
53.8000000000005,0.999999912114657
53.9000000000005,0.999999914634939
54.0000000000005,0.999999917082943
54.1000000000005,0.999999919460742
54.2000000000005,0.999999921770351
54.3000000000005,0.999999924013725
54.4000000000005,0.999999926192763
54.5000000000005,0.999999928309312
54.6000000000005,0.999999930365162
54.7000000000005,0.999999932362055
54.8000000000005,0.999999934301682
54.9000000000005,0.999999936185686
55.0000000000005,0.999999938015661
55.1000000000005,0.999999939793157
55.2000000000005,0.999999941519679
55.3000000000005,0.999999943196689
55.4000000000005,0.999999944825607
55.5000000000005,0.999999946407812
55.6000000000005,0.999999947944644
55.7000000000005,0.999999949437405
55.8000000000005,0.999999950887357
55.9000000000005,0.999999952295729
56.0000000000005,0.999999953663714
56.1000000000005,0.999999954992468
56.2000000000005,0.999999956283118
56.3000000000005,0.999999957536757
56.4000000000005,0.999999958754444
56.5000000000005,0.999999959937213
56.6000000000005,0.999999961086063
56.7000000000005,0.999999962201968
56.8000000000005,0.999999963285873
56.9000000000005,0.999999964338695
57.0000000000005,0.999999965361325
57.1000000000005,0.999999966354629
57.2000000000005,0.999999967319449
57.3000000000005,0.9999999682566
57.4000000000005,0.999999969166877
57.5000000000005,0.99999997005105
57.6000000000005,0.999999970909868
57.7000000000005,0.999999971744058
57.8000000000006,0.999999972554326
57.9000000000006,0.999999973341358
58.0000000000006,0.99999997410582
58.1000000000006,0.99999997484836
58.2000000000006,0.999999975569606
58.3000000000006,0.999999976270169
58.4000000000006,0.999999976950642
58.5000000000006,0.999999977611601
58.6000000000006,0.999999978253605
58.7000000000006,0.999999978877199
58.8000000000006,0.99999997948291
58.9000000000006,0.999999980071251
59.0000000000006,0.99999998064272
59.1000000000006,0.999999981197801
59.2000000000006,0.999999981736964
59.3000000000006,0.999999982260665
59.4000000000006,0.999999982769347
59.5000000000006,0.999999983263442
59.6000000000006,0.999999983743368
59.7000000000006,0.999999984209531
59.8000000000006,0.999999984662325
59.9000000000006,0.999999985102135
60.0000000000006,0.999999985529331
60.1000000000006,0.999999985944277
60.2000000000006,0.999999986347323
60.3000000000006,0.999999986738811
60.4000000000006,0.999999987119072
60.5000000000006,0.999999987488428
60.6000000000006,0.999999987847192
60.7000000000006,0.999999988195667
60.8000000000006,0.999999988534149
60.9000000000006,0.999999988862924
61.0000000000006,0.999999989182271
61.1000000000006,0.999999989492459
61.2000000000006,0.999999989793752
61.3000000000006,0.999999990086404
61.4000000000006,0.999999990370664
61.5000000000006,0.999999990646772
61.6000000000006,0.999999990914961
61.7000000000006,0.99999999117546
61.8000000000006,0.999999991428488
61.9000000000006,0.99999999167426
62.0000000000006,0.999999991912983
62.1000000000006,0.999999992144861
62.2000000000006,0.999999992370088
62.3000000000006,0.999999992588857
62.4000000000006,0.999999992801352
62.5000000000006,0.999999993007752
62.6000000000006,0.999999993208234
62.7000000000006,0.999999993402967
62.8000000000006,0.999999993592114
62.9000000000006,0.999999993775838
63.0000000000006,0.999999993954293
63.1000000000006,0.999999994127629
63.2000000000006,0.999999994295995
63.3000000000006,0.999999994459533
63.4000000000006,0.999999994618381
63.5000000000006,0.999999994772673
63.6000000000006,0.99999999492254
63.7000000000006,0.99999999506811
63.8000000000006,0.999999995209505
63.9000000000006,0.999999995346845
64.0000000000006,0.999999995480246
64.1000000000006,0.999999995609822
64.2000000000006,0.999999995735682
64.3000000000006,0.999999995857932
64.4000000000006,0.999999995976677
64.5000000000006,0.999999996092016
64.6000000000006,0.999999996204048
64.7000000000006,0.999999996312866
64.8000000000006,0.999999996418564
64.9000000000006,0.999999996521231
65.0000000000006,0.999999996620954
65.1000000000006,0.999999996717816
65.2000000000006,0.999999996811901
65.3000000000006,0.999999996903288
65.4000000000006,0.999999996992054
65.5000000000006,0.999999997078275
65.6000000000005,0.999999997162022
65.7000000000005,0.999999997243368
65.8000000000005,0.999999997322382
65.9000000000005,0.999999997399129
66.0000000000005,0.999999997473675
66.1000000000005,0.999999997546084
66.2000000000005,0.999999997616416
66.3000000000005,0.999999997684731
66.4000000000005,0.999999997751087
66.5000000000005,0.99999999781554
66.6000000000005,0.999999997878145
66.7000000000005,0.999999997938954
66.8000000000005,0.99999999799802
66.9000000000005,0.999999998055391
67.0000000000005,0.999999998111117
67.1000000000005,0.999999998165246
67.2000000000005,0.999999998217822
67.3000000000005,0.99999999826889
67.4000000000004,0.999999998318493
67.5000000000004,0.999999998366675
67.6000000000004,0.999999998413474
67.7000000000004,0.999999998458931
67.8000000000004,0.999999998503085
67.9000000000004,0.999999998545973
68.0000000000004,0.99999999858763
68.1000000000004,0.999999998628093
68.2000000000004,0.999999998667396
68.3000000000004,0.999999998705571
68.4000000000004,0.999999998742652
68.5000000000004,0.999999998778669
68.6000000000004,0.999999998813654
68.7000000000004,0.999999998847635
68.8000000000004,0.999999998880641
68.9000000000004,0.999999998912701
69.0000000000004,0.999999998943842
69.1000000000003,0.99999999897409
69.2000000000003,0.99999999900347
69.3000000000003,0.999999999032007
69.4000000000003,0.999999999059727
69.5000000000003,0.999999999086651
69.6000000000003,0.999999999112803
69.7000000000003,0.999999999138206
69.8000000000003,0.999999999162879
69.9000000000003,0.999999999186846
70.0000000000003,0.999999999210125
70.1000000000003,0.999999999232736
70.2000000000003,0.999999999254699
70.3000000000003,0.999999999276032
70.4000000000003,0.999999999296753
70.5000000000003,0.99999999931688
70.6000000000003,0.99999999933643
70.7000000000003,0.999999999355419
70.8000000000003,0.999999999373864
70.9000000000002,0.999999999391779
71.0000000000002,0.999999999409181
71.1000000000002,0.999999999426084
71.2000000000002,0.999999999442502
71.3000000000002,0.999999999458449
71.4000000000002,0.999999999473939
71.5000000000002,0.999999999488985
71.6000000000002,0.999999999503599
71.7000000000002,0.999999999517794
71.8000000000002,0.999999999531582
71.9000000000002,0.999999999544975
72.0000000000002,0.999999999557984
72.1000000000002,0.999999999570619
72.2000000000002,0.999999999582892
72.3000000000002,0.999999999594814
72.4000000000002,0.999999999606393
72.5000000000002,0.99999999961764
72.6000000000002,0.999999999628565
72.7000000000001,0.999999999639177
72.8000000000001,0.999999999649484
72.9000000000001,0.999999999659495
73.0000000000001,0.99999999966922
73.1000000000001,0.999999999678665
73.2000000000001,0.99999999968784
73.3000000000001,0.999999999696751
73.4000000000001,0.999999999705407
73.5000000000001,0.999999999713815
73.6000000000001,0.999999999721982
73.7000000000001,0.999999999729914
73.8000000000001,0.999999999737619
73.9000000000001,0.999999999745103
74.0000000000001,0.999999999752373
74.1000000000001,0.999999999759434
74.2000000000001,0.999999999766292
74.3000000000001,0.999999999772954
74.4,0.999999999779425
74.5,0.99999999978571
74.6,0.999999999791815
74.7,0.999999999797744
74.8,0.999999999803504
74.9,0.999999999809099
75,0.999999999814533
75.1,0.999999999819811
75.2,0.999999999824938
75.3,0.999999999829918
75.4,0.999999999834755
75.5,0.999999999839453
75.6,0.999999999844017
75.7,0.99999999984845
75.8,0.999999999852756
75.9,0.999999999856938
76,0.999999999861
76.1,0.999999999864946
76.1999999999999,0.999999999868778
76.2999999999999,0.999999999872501
76.3999999999999,0.999999999876117
76.4999999999999,0.999999999879629
76.5999999999999,0.999999999883041
76.6999999999999,0.999999999886354
76.7999999999999,0.999999999889573
76.8999999999999,0.999999999892699
76.9999999999999,0.999999999895736
77.0999999999999,0.999999999898686
77.1999999999999,0.999999999901551
77.2999999999999,0.999999999904334
77.3999999999999,0.999999999907037
77.4999999999999,0.999999999909662
77.5999999999999,0.999999999912212
77.6999999999999,0.999999999914689
77.7999999999999,0.999999999917095
77.8999999999998,0.999999999919432
77.9999999999998,0.999999999921702
78.0999999999998,0.999999999923907
78.1999999999998,0.999999999926049
78.2999999999998,0.999999999928129
78.3999999999998,0.99999999993015
78.4999999999998,0.999999999932113
78.5999999999998,0.999999999934019
78.6999999999998,0.999999999935871
78.7999999999998,0.999999999937669
78.8999999999998,0.999999999939416
78.9999999999998,0.999999999941113
79.0999999999998,0.999999999942762
79.1999999999998,0.999999999944363
79.2999999999998,0.999999999945918
79.3999999999998,0.999999999947428
79.4999999999998,0.999999999948895
79.5999999999998,0.999999999950321
79.6999999999997,0.999999999951705
79.7999999999997,0.999999999953049
79.8999999999997,0.999999999954355
79.9999999999997,0.999999999955624
80.0999999999997,0.999999999956856
80.1999999999997,0.999999999958053
80.2999999999997,0.999999999959215
80.3999999999997,0.999999999960344
80.4999999999997,0.999999999961441
80.5999999999997,0.999999999962506
80.6999999999997,0.999999999963541
80.7999999999997,0.999999999964546
80.8999999999997,0.999999999965522
80.9999999999997,0.999999999966471
81.0999999999997,0.999999999967392
81.1999999999997,0.999999999968286
81.2999999999997,0.999999999969155
81.3999999999997,0.99999999997
81.4999999999996,0.999999999970819
81.5999999999996,0.999999999971616
81.6999999999996,0.999999999972389
81.7999999999996,0.999999999973141
81.8999999999996,0.999999999973871
81.9999999999996,0.99999999997458
82.0999999999996,0.999999999975268
82.1999999999996,0.999999999975937
82.2999999999996,0.999999999976587
82.3999999999996,0.999999999977217
82.4999999999996,0.99999999997783
82.5999999999996,0.999999999978426
82.6999999999996,0.999999999979004
82.7999999999996,0.999999999979565
82.8999999999996,0.999999999980111
82.9999999999996,0.999999999980641
83.0999999999996,0.999999999981156
83.1999999999995,0.999999999981656
83.2999999999995,0.999999999982141
83.3999999999995,0.999999999982613
83.4999999999995,0.999999999983071
83.5999999999995,0.999999999983516
83.6999999999995,0.999999999983948
83.7999999999995,0.999999999984368
83.8999999999995,0.999999999984776
83.9999999999995,0.999999999985172
84.0999999999995,0.999999999985557
84.1999999999995,0.999999999985931
84.2999999999995,0.999999999986294
84.3999999999995,0.999999999986646
84.4999999999995,0.999999999986989
84.5999999999995,0.999999999987321
84.6999999999995,0.999999999987644
84.7999999999995,0.999999999987958
84.8999999999995,0.999999999988263
84.9999999999994,0.999999999988559
85.0999999999994,0.999999999988847
85.1999999999994,0.999999999989126
85.2999999999994,0.999999999989398
85.3999999999994,0.999999999989661
85.4999999999994,0.999999999989917
85.5999999999994,0.999999999990166
85.6999999999994,0.999999999990407
85.7999999999994,0.999999999990642
85.8999999999994,0.99999999999087
85.9999999999994,0.999999999991091
86.0999999999994,0.999999999991306
86.1999999999994,0.999999999991515
86.2999999999994,0.999999999991718
86.3999999999994,0.999999999991915
86.4999999999994,0.999999999992107
86.5999999999994,0.999999999992292
86.6999999999993,0.999999999992473
86.7999999999993,0.999999999992649
86.8999999999993,0.999999999992819
86.9999999999993,0.999999999992985
87.0999999999993,0.999999999993145
87.1999999999993,0.999999999993301
87.2999999999993,0.999999999993453
87.3999999999993,0.9999999999936
87.4999999999993,0.999999999993743
87.5999999999993,0.999999999993882
87.6999999999993,0.999999999994017
87.7999999999993,0.999999999994149
87.8999999999993,0.999999999994276
87.9999999999993,0.9999999999944
88.0999999999993,0.99999999999452
88.1999999999993,0.999999999994636
88.2999999999993,0.99999999999475
88.3999999999993,0.99999999999486
88.4999999999992,0.999999999994967
88.5999999999992,0.999999999995071
88.6999999999992,0.999999999995172
88.7999999999992,0.99999999999527
88.8999999999992,0.999999999995365
88.9999999999992,0.999999999995457
89.0999999999992,0.999999999995547
89.1999999999992,0.999999999995634
89.2999999999992,0.999999999995719
89.3999999999992,0.999999999995801
89.4999999999992,0.999999999995881
89.5999999999992,0.999999999995959
89.6999999999992,0.999999999996034
89.7999999999992,0.999999999996108
89.8999999999992,0.999999999996179
89.9999999999992,0.999999999996248
90.0999999999992,0.999999999996315
90.1999999999992,0.99999999999638
90.2999999999991,0.999999999996444
90.3999999999991,0.999999999996505
90.4999999999991,0.999999999996565
90.5999999999991,0.999999999996623
90.6999999999991,0.999999999996679
90.7999999999991,0.999999999996734
90.8999999999991,0.999999999996787
90.9999999999991,0.999999999996839
91.0999999999991,0.999999999996889
91.1999999999991,0.999999999996938
91.2999999999991,0.999999999996985
91.3999999999991,0.999999999997031
91.4999999999991,0.999999999997076
91.5999999999991,0.999999999997119
91.6999999999991,0.999999999997161
91.7999999999991,0.999999999997202
91.8999999999991,0.999999999997242
91.999999999999,0.999999999997281
92.099999999999,0.999999999997318
92.199999999999,0.999999999997354
92.299999999999,0.99999999999739
92.399999999999,0.999999999997424
92.499999999999,0.999999999997458
92.599999999999,0.99999999999749
92.699999999999,0.999999999997522
92.799999999999,0.999999999997552
92.899999999999,0.999999999997582
92.999999999999,0.999999999997611
93.099999999999,0.999999999997639
93.199999999999,0.999999999997666
93.299999999999,0.999999999997692
93.399999999999,0.999999999997718
93.499999999999,0.999999999997743
93.599999999999,0.999999999997767
93.699999999999,0.999999999997791
93.7999999999989,0.999999999997814
93.8999999999989,0.999999999997836
93.9999999999989,0.999999999997858
94.0999999999989,0.999999999997879
94.1999999999989,0.999999999997899
94.2999999999989,0.999999999997919
94.3999999999989,0.999999999997938
94.4999999999989,0.999999999997957
94.5999999999989,0.999999999997975
94.6999999999989,0.999999999997993
94.7999999999989,0.99999999999801
94.8999999999989,0.999999999998026
94.9999999999989,0.999999999998043
95.0999999999989,0.999999999998058
95.1999999999989,0.999999999998074
95.2999999999989,0.999999999998088
95.3999999999989,0.999999999998103
95.4999999999988,0.999999999998117
95.5999999999988,0.99999999999813
95.6999999999988,0.999999999998143
95.7999999999988,0.999999999998156
95.8999999999988,0.999999999998168
95.9999999999988,0.99999999999818
96.0999999999988,0.999999999998192
96.1999999999988,0.999999999998204
96.2999999999988,0.999999999998215
96.3999999999988,0.999999999998226
96.4999999999988,0.999999999998236
96.5999999999988,0.999999999998246
96.6999999999988,0.999999999998256
96.7999999999988,0.999999999998266
96.8999999999988,0.999999999998275
96.9999999999988,0.999999999998284
97.0999999999988,0.999999999998293
97.1999999999988,0.999999999998301
97.2999999999987,0.999999999998309
97.3999999999987,0.999999999998317
97.4999999999987,0.999999999998325
97.5999999999987,0.999999999998333
97.6999999999987,0.99999999999834
97.7999999999987,0.999999999998347
97.8999999999987,0.999999999998354
97.9999999999987,0.999999999998361
98.0999999999987,0.999999999998368
98.1999999999987,0.999999999998374
98.2999999999987,0.99999999999838
98.3999999999987,0.999999999998386
98.4999999999987,0.999999999998392
98.5999999999987,0.999999999998398
98.6999999999987,0.999999999998403
98.7999999999987,0.999999999998408
98.8999999999987,0.999999999998413
98.9999999999986,0.999999999998418
99.0999999999986,0.999999999998423
99.1999999999986,0.999999999998428
99.2999999999986,0.999999999998433
99.3999999999986,0.999999999998437
99.4999999999986,0.999999999998441
99.5999999999986,0.999999999998446
99.6999999999986,0.99999999999845
99.7999999999986,0.999999999998454
99.8999999999986,0.999999999998458
99.9999999999986,0.999999999998461
100.099999999999,0.999999999998465
100.199999999999,0.999999999998469
100.299999999999,0.999999999998472
100.399999999999,0.999999999998475
100.499999999999,0.999999999998479
100.599999999999,0.999999999998482
100.699999999999,0.999999999998485
100.799999999999,0.999999999998488
100.899999999999,0.999999999998491
100.999999999999,0.999999999998494
101.099999999999,0.999999999998496
101.199999999999,0.999999999998499
101.299999999999,0.999999999998502
101.399999999999,0.999999999998504
101.499999999999,0.999999999998507
101.599999999999,0.999999999998509
101.699999999998,0.999999999998511
101.799999999998,0.999999999998514
101.899999999998,0.999999999998516
101.999999999998,0.999999999998518
102.099999999998,0.99999999999852
102.199999999998,0.999999999998522
102.299999999998,0.999999999998524
102.399999999998,0.999999999998526
102.499999999998,0.999999999998527
102.599999999998,0.999999999998529
102.699999999998,0.999999999998531
102.799999999998,0.999999999998532
102.899999999998,0.999999999998534
102.999999999998,0.999999999998536
103.099999999998,0.999999999998537
103.199999999998,0.999999999998539
103.299999999998,0.99999999999854
103.399999999998,0.999999999998541
103.499999999998,0.999999999998543
103.599999999998,0.999999999998544
103.699999999998,0.999999999998545
103.799999999998,0.999999999998547
103.899999999998,0.999999999998548
103.999999999998,0.999999999998549
104.099999999998,0.99999999999855
104.199999999998,0.999999999998551
104.299999999998,0.999999999998552
104.399999999998,0.999999999998553
104.499999999998,0.999999999998554
104.599999999998,0.999999999998555
104.699999999998,0.999999999998556
104.799999999998,0.999999999998557
104.899999999998,0.999999999998558
104.999999999998,0.999999999998559
105.099999999998,0.99999999999856
105.199999999998,0.999999999998561
105.299999999998,0.999999999998561
105.399999999998,0.999999999998562
105.499999999998,0.999999999998563
105.599999999998,0.999999999998564
105.699999999998,0.999999999998565
105.799999999998,0.999999999998565
105.899999999998,0.999999999998566
105.999999999998,0.999999999998567
106.099999999998,0.999999999998567
106.199999999998,0.999999999998568
106.299999999998,0.999999999998569
106.399999999998,0.999999999998569
106.499999999998,0.99999999999857
106.599999999998,0.99999999999857
106.699999999998,0.999999999998571
106.799999999998,0.999999999998571
106.899999999998,0.999999999998572
106.999999999998,0.999999999998572
107.099999999998,0.999999999998573
107.199999999998,0.999999999998573
107.299999999998,0.999999999998574
107.399999999998,0.999999999998574
107.499999999998,0.999999999998575
107.599999999998,0.999999999998575
107.699999999998,0.999999999998575
107.799999999998,0.999999999998576
107.899999999998,0.999999999998576
107.999999999998,0.999999999998577
108.099999999998,0.999999999998577
108.199999999998,0.999999999998577
108.299999999998,0.999999999998578
108.399999999998,0.999999999998578
108.499999999998,0.999999999998578
108.599999999998,0.999999999998579
108.699999999998,0.999999999998579
108.799999999998,0.999999999998579
108.899999999998,0.999999999998579
108.999999999998,0.99999999999858
109.099999999998,0.99999999999858
109.199999999998,0.99999999999858
109.299999999998,0.99999999999858
109.399999999998,0.99999999999858
109.499999999998,0.999999999998581
109.599999999998,0.999999999998581
109.699999999998,0.999999999998581
109.799999999998,0.999999999998581
109.899999999998,0.999999999998582
109.999999999998,0.999999999998582
110.099999999998,0.999999999998582
110.199999999998,0.999999999998582
110.299999999998,0.999999999998582
110.399999999998,0.999999999998583
110.499999999998,0.999999999998583
110.599999999998,0.999999999998583
110.699999999998,0.999999999998583
110.799999999998,0.999999999998583
110.899999999998,0.999999999998583
110.999999999998,0.999999999998583
111.099999999998,0.999999999998583
111.199999999998,0.999999999998583
111.299999999998,0.999999999998584
111.399999999998,0.999999999998584
111.499999999998,0.999999999998584
111.599999999998,0.999999999998584
111.699999999998,0.999999999998584
111.799999999998,0.999999999998584
111.899999999998,0.999999999998584
111.999999999998,0.999999999998584
112.099999999998,0.999999999998584
112.199999999998,0.999999999998585
112.299999999998,0.999999999998585
112.399999999998,0.999999999998585
112.499999999998,0.999999999998585
112.599999999998,0.999999999998585
112.699999999998,0.999999999998585
112.799999999998,0.999999999998585
112.899999999998,0.999999999998585
112.999999999998,0.999999999998585
113.099999999998,0.999999999998586
113.199999999998,0.999999999998586
113.299999999998,0.999999999998586
113.399999999998,0.999999999998586
113.499999999998,0.999999999998586
113.599999999998,0.999999999998586
113.699999999998,0.999999999998586
113.799999999998,0.999999999998586
113.899999999998,0.999999999998586
113.999999999998,0.999999999998587
114.099999999998,0.999999999998587
114.199999999998,0.999999999998587
114.299999999998,0.999999999998587
114.399999999998,0.999999999998587
114.499999999998,0.999999999998587
114.599999999998,0.999999999998587
114.699999999998,0.999999999998587
114.799999999998,0.999999999998587
114.899999999998,0.999999999998587
114.999999999998,0.999999999998587
115.099999999998,0.999999999998587
115.199999999998,0.999999999998587
115.299999999998,0.999999999998587
115.399999999998,0.999999999998587
115.499999999998,0.999999999998587
115.599999999998,0.999999999998587
115.699999999998,0.999999999998587
115.799999999998,0.999999999998587
115.899999999998,0.999999999998587
115.999999999998,0.999999999998587
116.099999999998,0.999999999998587
116.199999999998,0.999999999998587
116.299999999998,0.999999999998587
116.399999999998,0.999999999998587
116.499999999998,0.999999999998587
116.599999999998,0.999999999998587
116.699999999998,0.999999999998587
116.799999999998,0.999999999998587
116.899999999998,0.999999999998587
116.999999999998,0.999999999998587
117.099999999998,0.999999999998587
117.199999999998,0.999999999998587
117.299999999998,0.999999999998587
117.399999999998,0.999999999998587
117.499999999998,0.999999999998587
117.599999999998,0.999999999998587
117.699999999998,0.999999999998587
117.799999999998,0.999999999998587
117.899999999998,0.999999999998587
117.999999999998,0.999999999998587
118.099999999998,0.999999999998587
118.199999999998,0.999999999998587
118.299999999998,0.999999999998587
118.399999999998,0.999999999998587
118.499999999998,0.999999999998587
118.599999999998,0.999999999998587
118.699999999998,0.999999999998587
118.799999999998,0.999999999998587
118.899999999998,0.999999999998587
118.999999999998,0.999999999998587
119.099999999998,0.999999999998587
119.199999999998,0.999999999998587
119.299999999997,0.999999999998587
119.399999999997,0.999999999998587
119.499999999997,0.999999999998587
119.599999999997,0.999999999998587
119.699999999997,0.999999999998587
119.799999999997,0.999999999998587
119.899999999997,0.999999999998587
119.999999999997,0.999999999998587
120.099999999997,0.999999999998587
120.199999999997,0.999999999998587
120.299999999997,0.999999999998587
120.399999999997,0.999999999998587
120.499999999997,0.999999999998587
120.599999999997,0.999999999998587
120.699999999997,0.999999999998587
120.799999999997,0.999999999998587
120.899999999997,0.999999999998587
120.999999999997,0.999999999998587
121.099999999997,0.999999999998587
121.199999999997,0.999999999998587
121.299999999997,0.999999999998587
121.399999999997,0.999999999998587
121.499999999997,0.999999999998587
121.599999999997,0.999999999998587
121.699999999997,0.999999999998587
121.799999999997,0.999999999998587
121.899999999997,0.999999999998587
121.999999999997,0.999999999998587
122.099999999997,0.999999999998587
122.199999999997,0.999999999998587
122.299999999997,0.999999999998587
122.399999999997,0.999999999998587
122.499999999997,0.999999999998587
122.599999999997,0.999999999998587
122.699999999997,0.999999999998587
122.799999999997,0.999999999998587
122.899999999997,0.999999999998587
122.999999999997,0.999999999998587
123.099999999997,0.999999999998587
123.199999999997,0.999999999998587
123.299999999997,0.999999999998587
123.399999999997,0.999999999998587
123.499999999997,0.999999999998587
123.599999999997,0.999999999998587
123.699999999997,0.999999999998587
123.799999999997,0.999999999998587
123.899999999997,0.999999999998587
123.999999999997,0.999999999998587
124.099999999997,0.999999999998587
124.199999999997,0.999999999998587
124.299999999997,0.999999999998587
124.399999999997,0.999999999998587
124.499999999997,0.999999999998587
124.599999999997,0.999999999998587
124.699999999997,0.999999999998587
124.799999999997,0.999999999998587
124.899999999997,0.999999999998587
124.999999999997,0.999999999998587
125.099999999997,0.999999999998587
125.199999999997,0.999999999998587
125.299999999997,0.999999999998587
125.399999999997,0.999999999998587
125.499999999997,0.999999999998587
125.599999999997,0.999999999998587
125.699999999997,0.999999999998587
125.799999999997,0.999999999998587
125.899999999997,0.999999999998587
125.999999999997,0.999999999998587
126.099999999997,0.999999999998587
126.199999999997,0.999999999998587
126.299999999997,0.999999999998587
126.399999999997,0.999999999998587
126.499999999997,0.999999999998587
126.599999999997,0.999999999998587
126.699999999997,0.999999999998587
126.799999999997,0.999999999998587
126.899999999997,0.999999999998587
126.999999999997,0.999999999998587
127.099999999997,0.999999999998587
127.199999999997,0.999999999998587
127.299999999997,0.999999999998587
127.399999999997,0.999999999998587
127.499999999997,0.999999999998587
127.599999999997,0.999999999998587
127.699999999997,0.999999999998587
127.799999999997,0.999999999998587
127.899999999997,0.999999999998587
127.999999999997,0.999999999998587
128.099999999997,0.999999999998587
128.199999999997,0.999999999998587
128.299999999997,0.999999999998587
128.399999999997,0.999999999998587
128.499999999997,0.999999999998587
128.599999999997,0.999999999998587
128.699999999997,0.999999999998587
128.799999999997,0.999999999998587
128.899999999997,0.999999999998587
128.999999999997,0.999999999998587
129.099999999997,0.999999999998587
129.199999999997,0.999999999998587
129.299999999997,0.999999999998587
129.399999999997,0.999999999998587
129.499999999997,0.999999999998587
129.599999999997,0.999999999998587
129.699999999997,0.999999999998587
129.799999999997,0.999999999998587
129.899999999997,0.999999999998587
129.999999999997,0.999999999998587
130.099999999997,0.999999999998587
130.199999999997,0.999999999998587
130.299999999997,0.999999999998587
130.399999999997,0.999999999998587
130.499999999997,0.999999999998587
130.599999999997,0.999999999998587
130.699999999997,0.999999999998587
130.799999999997,0.999999999998587
130.899999999997,0.999999999998587
130.999999999997,0.999999999998587
131.099999999997,0.999999999998587
131.199999999997,0.999999999998587
131.299999999997,0.999999999998587
131.399999999997,0.999999999998587
131.499999999997,0.999999999998587
131.599999999997,0.999999999998587
131.699999999997,0.999999999998587
131.799999999997,0.999999999998587
131.899999999997,0.999999999998587
131.999999999997,0.999999999998587
132.099999999997,0.999999999998587
132.199999999997,0.999999999998587
132.299999999997,0.999999999998587
132.399999999997,0.999999999998587
132.499999999997,0.999999999998587
132.599999999997,0.999999999998587
132.699999999997,0.999999999998587
132.799999999997,0.999999999998587
132.899999999997,0.999999999998587
132.999999999997,0.999999999998587
133.099999999997,0.999999999998587
133.199999999997,0.999999999998587
133.299999999997,0.999999999998587
133.399999999997,0.999999999998587
133.499999999997,0.999999999998587
133.599999999997,0.999999999998587
133.699999999997,0.999999999998587
133.799999999997,0.999999999998587
133.899999999997,0.999999999998587
133.999999999997,0.999999999998587
134.099999999997,0.999999999998587
134.199999999997,0.999999999998587
134.299999999997,0.999999999998587
134.399999999997,0.999999999998587
134.499999999997,0.999999999998587
134.599999999997,0.999999999998587
134.699999999997,0.999999999998587
134.799999999997,0.999999999998587
134.899999999997,0.999999999998587
134.999999999997,0.999999999998587
135.099999999997,0.999999999998587
135.199999999997,0.999999999998587
135.299999999997,0.999999999998587
135.399999999997,0.999999999998587
135.499999999997,0.999999999998587
135.599999999997,0.999999999998587
135.699999999997,0.999999999998587
135.799999999997,0.999999999998587
135.899999999997,0.999999999998587
135.999999999997,0.999999999998587
136.099999999997,0.999999999998587
136.199999999997,0.999999999998587
136.299999999997,0.999999999998587
136.399999999997,0.999999999998587
136.499999999997,0.999999999998587
136.599999999997,0.999999999998587
136.699999999997,0.999999999998587
136.799999999997,0.999999999998587
136.899999999997,0.999999999998587
136.999999999997,0.999999999998587
137.099999999996,0.999999999998587
137.199999999996,0.999999999998587
137.299999999996,0.999999999998587
137.399999999996,0.999999999998587
137.499999999996,0.999999999998587
137.599999999996,0.999999999998587
137.699999999996,0.999999999998587
137.799999999996,0.999999999998587
137.899999999996,0.999999999998587
137.999999999996,0.999999999998587
138.099999999996,0.999999999998587
138.199999999996,0.999999999998587
138.299999999996,0.999999999998587
138.399999999996,0.999999999998587
138.499999999996,0.999999999998587
138.599999999996,0.999999999998587
138.699999999996,0.999999999998587
138.799999999996,0.999999999998587
138.899999999996,0.999999999998587
138.999999999996,0.999999999998587
139.099999999996,0.999999999998587
139.199999999996,0.999999999998587
139.299999999996,0.999999999998587
139.399999999996,0.999999999998587
139.499999999996,0.999999999998587
139.599999999996,0.999999999998587
139.699999999996,0.999999999998587
139.799999999996,0.999999999998587
139.899999999996,0.999999999998587
139.999999999996,0.999999999998587
140.099999999996,0.999999999998587
140.199999999996,0.999999999998587
140.299999999996,0.999999999998587
140.399999999996,0.999999999998587
140.499999999996,0.999999999998587
140.599999999996,0.999999999998587
140.699999999996,0.999999999998587
140.799999999996,0.999999999998587
140.899999999996,0.999999999998587
140.999999999996,0.999999999998587
141.099999999996,0.999999999998587
141.199999999996,0.999999999998587
141.299999999996,0.999999999998587
141.399999999996,0.999999999998587
141.499999999996,0.999999999998587
141.599999999996,0.999999999998587
141.699999999996,0.999999999998587
141.799999999996,0.999999999998587
141.899999999996,0.999999999998587
141.999999999996,0.999999999998587
142.099999999996,0.999999999998587
142.199999999996,0.999999999998587
142.299999999996,0.999999999998587
142.399999999996,0.999999999998587
142.499999999996,0.999999999998587
142.599999999996,0.999999999998587
142.699999999996,0.999999999998587
142.799999999996,0.999999999998587
142.899999999996,0.999999999998587
142.999999999996,0.999999999998587
143.099999999996,0.999999999998587
143.199999999996,0.999999999998587
143.299999999996,0.999999999998587
143.399999999996,0.999999999998587
143.499999999996,0.999999999998587
143.599999999996,0.999999999998587
143.699999999996,0.999999999998587
143.799999999996,0.999999999998587
143.899999999996,0.999999999998587
143.999999999996,0.999999999998587
144.099999999996,0.999999999998587
144.199999999996,0.999999999998587
144.299999999996,0.999999999998587
144.399999999996,0.999999999998587
144.499999999996,0.999999999998587
144.599999999996,0.999999999998587
144.699999999996,0.999999999998587
144.799999999996,0.999999999998587
144.899999999996,0.999999999998587
144.999999999996,0.999999999998587
145.099999999996,0.999999999998587
145.199999999996,0.999999999998587
145.299999999996,0.999999999998587
145.399999999996,0.999999999998587
145.499999999996,0.999999999998587
145.599999999996,0.999999999998587
145.699999999996,0.999999999998587
145.799999999996,0.999999999998587
145.899999999996,0.999999999998587
145.999999999996,0.999999999998587
146.099999999996,0.999999999998587
146.199999999996,0.999999999998587
146.299999999996,0.999999999998587
146.399999999996,0.999999999998587
146.499999999996,0.999999999998587
146.599999999996,0.999999999998587
146.699999999996,0.999999999998587
146.799999999996,0.999999999998587
146.899999999996,0.999999999998587
146.999999999996,0.999999999998587
147.099999999996,0.999999999998587
147.199999999996,0.999999999998587
147.299999999996,0.999999999998587
147.399999999996,0.999999999998587
147.499999999996,0.999999999998587
147.599999999996,0.999999999998587
147.699999999996,0.999999999998587
147.799999999996,0.999999999998587
147.899999999996,0.999999999998587
147.999999999996,0.999999999998587
148.099999999996,0.999999999998587
148.199999999996,0.999999999998587
148.299999999996,0.999999999998587
148.399999999996,0.999999999998587
148.499999999996,0.999999999998587
148.599999999996,0.999999999998587
148.699999999996,0.999999999998587
148.799999999996,0.999999999998587
148.899999999996,0.999999999998587
148.999999999996,0.999999999998587
149.099999999996,0.999999999998587
149.199999999996,0.999999999998587
149.299999999996,0.999999999998587
149.399999999996,0.999999999998587
149.499999999996,0.999999999998587
149.599999999996,0.999999999998587
149.699999999996,0.999999999998587
149.799999999996,0.999999999998587
149.899999999996,0.999999999998587
149.999999999996,0.999999999998587
150.099999999996,0.999999999998587
150.199999999996,0.999999999998587
150.299999999996,0.999999999998587
150.399999999996,0.999999999998587
150.499999999996,0.999999999998587
150.599999999996,0.999999999998587
150.699999999996,0.999999999998587
150.799999999996,0.999999999998587
150.899999999996,0.999999999998587
150.999999999996,0.999999999998587
151.099999999996,0.999999999998587
151.199999999996,0.999999999998587
151.299999999996,0.999999999998587
151.399999999996,0.999999999998587
151.499999999996,0.999999999998587
151.599999999996,0.999999999998587
151.699999999996,0.999999999998587
151.799999999996,0.999999999998587
151.899999999996,0.999999999998587
151.999999999996,0.999999999998587
152.099999999996,0.999999999998587
152.199999999996,0.999999999998587
152.299999999996,0.999999999998587
152.399999999996,0.999999999998587
152.499999999996,0.999999999998587
152.599999999996,0.999999999998587
152.699999999996,0.999999999998587
152.799999999996,0.999999999998587
152.899999999996,0.999999999998587
152.999999999996,0.999999999998587
153.099999999996,0.999999999998587
153.199999999996,0.999999999998587
153.299999999996,0.999999999998587
153.399999999996,0.999999999998587
153.499999999996,0.999999999998587
153.599999999996,0.999999999998587
153.699999999996,0.999999999998587
153.799999999996,0.999999999998587
153.899999999996,0.999999999998587
153.999999999996,0.999999999998587
154.099999999996,0.999999999998587
154.199999999996,0.999999999998587
154.299999999996,0.999999999998587
154.399999999996,0.999999999998587
154.499999999996,0.999999999998587
154.599999999996,0.999999999998587
154.699999999995,0.999999999998587
154.799999999995,0.999999999998587
154.899999999995,0.999999999998587
154.999999999995,0.999999999998587
155.099999999995,0.999999999998587
155.199999999995,0.999999999998587
155.299999999995,0.999999999998587
155.399999999995,0.999999999998587
155.499999999995,0.999999999998587
155.599999999995,0.999999999998587
155.699999999995,0.999999999998587
155.799999999995,0.999999999998587
155.899999999995,0.999999999998587
155.999999999995,0.999999999998587
156.099999999995,0.999999999998587
156.199999999995,0.999999999998587
156.299999999995,0.999999999998587
156.399999999995,0.999999999998587
156.499999999995,0.999999999998587
156.599999999995,0.999999999998587
156.699999999995,0.999999999998587
156.799999999995,0.999999999998587
156.899999999995,0.999999999998587
156.999999999995,0.999999999998587
157.099999999995,0.999999999998587
157.199999999995,0.999999999998587
157.299999999995,0.999999999998587
157.399999999995,0.999999999998587
157.499999999995,0.999999999998587
157.599999999995,0.999999999998587
157.699999999995,0.999999999998587
157.799999999995,0.999999999998587
157.899999999995,0.999999999998587
157.999999999995,0.999999999998587
158.099999999995,0.999999999998587
158.199999999995,0.999999999998587
158.299999999995,0.999999999998587
158.399999999995,0.999999999998587
158.499999999995,0.999999999998587
158.599999999995,0.999999999998587
158.699999999995,0.999999999998587
158.799999999995,0.999999999998587
158.899999999995,0.999999999998587
158.999999999995,0.999999999998587
159.099999999995,0.999999999998587
159.199999999995,0.999999999998587
159.299999999995,0.999999999998587
159.399999999995,0.999999999998587
159.499999999995,0.999999999998587
159.599999999995,0.999999999998587
159.699999999995,0.999999999998587
159.799999999995,0.999999999998587
159.899999999995,0.999999999998587
159.999999999995,0.999999999998587
160.099999999995,0.999999999998587
160.199999999995,0.999999999998587
160.299999999995,0.999999999998587
160.399999999995,0.999999999998587
160.499999999995,0.999999999998587
160.599999999995,0.999999999998587
160.699999999995,0.999999999998587
160.799999999995,0.999999999998587
160.899999999995,0.999999999998587
160.999999999995,0.999999999998587
161.099999999995,0.999999999998587
161.199999999995,0.999999999998587
161.299999999995,0.999999999998587
161.399999999995,0.999999999998587
161.499999999995,0.999999999998587
161.599999999995,0.999999999998587
161.699999999995,0.999999999998587
161.799999999995,0.999999999998587
161.899999999995,0.999999999998587
161.999999999995,0.999999999998587
162.099999999995,0.999999999998587
162.199999999995,0.999999999998587
162.299999999995,0.999999999998587
162.399999999995,0.999999999998587
162.499999999995,0.999999999998587
162.599999999995,0.999999999998587
162.699999999995,0.999999999998587
162.799999999995,0.999999999998587
162.899999999995,0.999999999998587
162.999999999995,0.999999999998587
163.099999999995,0.999999999998587
163.199999999995,0.999999999998587
163.299999999995,0.999999999998587
163.399999999995,0.999999999998587
163.499999999995,0.999999999998587
163.599999999995,0.999999999998587
163.699999999995,0.999999999998587
163.799999999995,0.999999999998587
163.899999999995,0.999999999998587
163.999999999995,0.999999999998587
164.099999999995,0.999999999998587
164.199999999995,0.999999999998587
164.299999999995,0.999999999998587
164.399999999995,0.999999999998587
164.499999999995,0.999999999998587
164.599999999995,0.999999999998587
164.699999999995,0.999999999998587
164.799999999995,0.999999999998587
164.899999999995,0.999999999998587
164.999999999995,0.999999999998587
165.099999999995,0.999999999998587
165.199999999995,0.999999999998587
165.299999999995,0.999999999998587
165.399999999995,0.999999999998587
165.499999999995,0.999999999998587
165.599999999995,0.999999999998587
165.699999999995,0.999999999998587
165.799999999995,0.999999999998587
165.899999999995,0.999999999998587
165.999999999995,0.999999999998587
166.099999999995,0.999999999998587
166.199999999995,0.999999999998587
166.299999999995,0.999999999998587
166.399999999995,0.999999999998587
166.499999999995,0.999999999998587
166.599999999995,0.999999999998587
166.699999999995,0.999999999998587
166.799999999995,0.999999999998587
166.899999999995,0.999999999998587
166.999999999995,0.999999999998587
167.099999999995,0.999999999998587
167.199999999995,0.999999999998587
167.299999999995,0.999999999998587
167.399999999995,0.999999999998587
167.499999999995,0.999999999998587
167.599999999995,0.999999999998587
167.699999999995,0.999999999998587
167.799999999995,0.999999999998587
167.899999999995,0.999999999998587
167.999999999995,0.999999999998587
168.099999999995,0.999999999998587
168.199999999995,0.999999999998587
168.299999999995,0.999999999998587
168.399999999995,0.999999999998587
168.499999999995,0.999999999998587
168.599999999995,0.999999999998587
168.699999999995,0.999999999998587
168.799999999995,0.999999999998587
168.899999999995,0.999999999998587
168.999999999995,0.999999999998587
169.099999999995,0.999999999998587
169.199999999995,0.999999999998587
169.299999999995,0.999999999998587
169.399999999995,0.999999999998587
169.499999999995,0.999999999998587
169.599999999995,0.999999999998587
169.699999999995,0.999999999998587
169.799999999995,0.999999999998587
169.899999999995,0.999999999998587
169.999999999995,0.999999999998587
170.099999999995,0.999999999998587
170.199999999995,0.999999999998587
170.299999999995,0.999999999998587
170.399999999995,0.999999999998587
170.499999999995,0.999999999998587
170.599999999995,0.999999999998587
170.699999999995,0.999999999998587
170.799999999995,0.999999999998587
170.899999999995,0.999999999998587
170.999999999995,0.999999999998587
171.099999999995,0.999999999998587
171.199999999995,0.999999999998587
171.299999999995,0.999999999998587
171.399999999995,0.999999999998587
171.499999999995,0.999999999998587
171.599999999995,0.999999999998587
171.699999999995,0.999999999998587
171.799999999995,0.999999999998587
171.899999999995,0.999999999998587
171.999999999995,0.999999999998587
172.099999999995,0.999999999998587
172.199999999995,0.999999999998587
172.299999999994,0.999999999998587
172.399999999994,0.999999999998587
172.499999999994,0.999999999998587
172.599999999994,0.999999999998587
172.699999999994,0.999999999998587
172.799999999994,0.999999999998587
172.899999999994,0.999999999998587
172.999999999994,0.999999999998587
173.099999999994,0.999999999998587
173.199999999994,0.999999999998587
173.299999999994,0.999999999998587
173.399999999994,0.999999999998587
173.499999999994,0.999999999998587
173.599999999994,0.999999999998587
173.699999999994,0.999999999998587
173.799999999994,0.999999999998587
173.899999999994,0.999999999998587
173.999999999994,0.999999999998587
174.099999999994,0.999999999998587
174.199999999994,0.999999999998587
174.299999999994,0.999999999998587
174.399999999994,0.999999999998587
174.499999999994,0.999999999998587
174.599999999994,0.999999999998587
174.699999999994,0.999999999998587
174.799999999994,0.999999999998587
174.899999999994,0.999999999998587
174.999999999994,0.999999999998587
175.099999999994,0.999999999998587
175.199999999994,0.999999999998587
175.299999999994,0.999999999998587
175.399999999994,0.999999999998587
175.499999999994,0.999999999998587
175.599999999994,0.999999999998587
175.699999999994,0.999999999998587
175.799999999994,0.999999999998587
175.899999999994,0.999999999998587
175.999999999994,0.999999999998587
176.099999999994,0.999999999998587
176.199999999994,0.999999999998587
176.299999999994,0.999999999998587
176.399999999994,0.999999999998587
176.499999999994,0.999999999998587
176.599999999994,0.999999999998587
176.699999999994,0.999999999998587
176.799999999994,0.999999999998587
176.899999999994,0.999999999998587
176.999999999994,0.999999999998587
177.099999999994,0.999999999998587
177.199999999994,0.999999999998587
177.299999999994,0.999999999998587
177.399999999994,0.999999999998587
177.499999999994,0.999999999998587
177.599999999994,0.999999999998587
177.699999999994,0.999999999998587
177.799999999994,0.999999999998587
177.899999999994,0.999999999998587
177.999999999994,0.999999999998587
178.099999999994,0.999999999998587
178.199999999994,0.999999999998587
178.299999999994,0.999999999998587
178.399999999994,0.999999999998587
178.499999999994,0.999999999998587
178.599999999994,0.999999999998587
178.699999999994,0.999999999998587
178.799999999994,0.999999999998587
178.899999999994,0.999999999998587
178.999999999994,0.999999999998587
179.099999999994,0.999999999998587
179.199999999994,0.999999999998587
179.299999999994,0.999999999998587
179.399999999994,0.999999999998587
179.499999999994,0.999999999998587
179.599999999994,0.999999999998587
179.699999999994,0.999999999998587
179.799999999994,0.999999999998587
179.899999999994,0.999999999998587
179.999999999994,0.999999999998587
180.099999999994,0.999999999998587
180.199999999994,0.999999999998587
180.299999999994,0.999999999998587
180.399999999994,0.999999999998587
180.499999999994,0.999999999998587
180.599999999994,0.999999999998587
180.699999999994,0.999999999998587
180.799999999994,0.999999999998587
180.899999999994,0.999999999998587
180.999999999994,0.999999999998587
181.099999999994,0.999999999998587
181.199999999994,0.999999999998587
181.299999999994,0.999999999998587
181.399999999994,0.999999999998587
181.499999999994,0.999999999998587
181.599999999994,0.999999999998587
181.699999999994,0.999999999998587
181.799999999994,0.999999999998587
181.899999999994,0.999999999998587
181.999999999994,0.999999999998587
182.099999999994,0.999999999998587
182.199999999994,0.999999999998587
182.299999999994,0.999999999998587
182.399999999994,0.999999999998587
182.499999999994,0.999999999998587
182.599999999994,0.999999999998587
182.699999999994,0.999999999998587
182.799999999994,0.999999999998587
182.899999999994,0.999999999998587
182.999999999994,0.999999999998587
183.099999999994,0.999999999998587
183.199999999994,0.999999999998587
183.299999999994,0.999999999998587
183.399999999994,0.999999999998587
183.499999999994,0.999999999998587
183.599999999994,0.999999999998587
183.699999999994,0.999999999998587
183.799999999994,0.999999999998587
183.899999999994,0.999999999998587
183.999999999994,0.999999999998587
184.099999999994,0.999999999998587
184.199999999994,0.999999999998587
184.299999999994,0.999999999998587
184.399999999994,0.999999999998587
184.499999999994,0.999999999998587
184.599999999994,0.999999999998587
184.699999999994,0.999999999998587
184.799999999994,0.999999999998587
184.899999999994,0.999999999998587
184.999999999994,0.999999999998587
185.099999999994,0.999999999998587
185.199999999994,0.999999999998587
185.299999999994,0.999999999998587
185.399999999994,0.999999999998587
185.499999999994,0.999999999998587
185.599999999994,0.999999999998587
185.699999999994,0.999999999998587
185.799999999994,0.999999999998587
185.899999999994,0.999999999998587
185.999999999994,0.999999999998587
186.099999999994,0.999999999998587
186.199999999994,0.999999999998587
186.299999999994,0.999999999998587
186.399999999994,0.999999999998587
186.499999999994,0.999999999998587
186.599999999994,0.999999999998587
186.699999999994,0.999999999998587
186.799999999994,0.999999999998587
186.899999999994,0.999999999998587
186.999999999994,0.999999999998587
187.099999999994,0.999999999998587
187.199999999994,0.999999999998587
187.299999999994,0.999999999998587
187.399999999994,0.999999999998587
187.499999999994,0.999999999998587
187.599999999994,0.999999999998587
187.699999999994,0.999999999998587
187.799999999994,0.999999999998587
187.899999999994,0.999999999998587
187.999999999994,0.999999999998587
188.099999999994,0.999999999998587
188.199999999994,0.999999999998587
188.299999999994,0.999999999998587
188.399999999994,0.999999999998587
188.499999999994,0.999999999998587
188.599999999994,0.999999999998587
188.699999999994,0.999999999998587
188.799999999994,0.999999999998587
188.899999999994,0.999999999998587
188.999999999994,0.999999999998587
189.099999999994,0.999999999998587
189.199999999994,0.999999999998587
189.299999999994,0.999999999998587
189.399999999994,0.999999999998587
189.499999999994,0.999999999998587
189.599999999994,0.999999999998587
189.699999999994,0.999999999998587
189.799999999994,0.999999999998587
189.899999999993,0.999999999998587
189.999999999993,0.999999999998587
190.099999999993,0.999999999998587
190.199999999993,0.999999999998587
190.299999999993,0.999999999998587
190.399999999993,0.999999999998587
190.499999999993,0.999999999998587
190.599999999993,0.999999999998587
190.699999999993,0.999999999998587
190.799999999993,0.999999999998587
190.899999999993,0.999999999998587
190.999999999993,0.999999999998587
191.099999999993,0.999999999998587
191.199999999993,0.999999999998587
191.299999999993,0.999999999998587
191.399999999993,0.999999999998587
191.499999999993,0.999999999998587
191.599999999993,0.999999999998587
191.699999999993,0.999999999998587
191.799999999993,0.999999999998587
191.899999999993,0.999999999998587
191.999999999993,0.999999999998587
192.099999999993,0.999999999998587
192.199999999993,0.999999999998587
192.299999999993,0.999999999998587
192.399999999993,0.999999999998587
192.499999999993,0.999999999998587
192.599999999993,0.999999999998587
192.699999999993,0.999999999998587
192.799999999993,0.999999999998587
192.899999999993,0.999999999998587
192.999999999993,0.999999999998587
193.099999999993,0.999999999998587
193.199999999993,0.999999999998587
193.299999999993,0.999999999998587
193.399999999993,0.999999999998587
193.499999999993,0.999999999998587
193.599999999993,0.999999999998587
193.699999999993,0.999999999998587
193.799999999993,0.999999999998587
193.899999999993,0.999999999998587
193.999999999993,0.999999999998587
194.099999999993,0.999999999998587
194.199999999993,0.999999999998587
194.299999999993,0.999999999998587
194.399999999993,0.999999999998587
194.499999999993,0.999999999998587
194.599999999993,0.999999999998587
194.699999999993,0.999999999998587
194.799999999993,0.999999999998587
194.899999999993,0.999999999998587
194.999999999993,0.999999999998587
195.099999999993,0.999999999998587
195.199999999993,0.999999999998587
195.299999999993,0.999999999998587
195.399999999993,0.999999999998587
195.499999999993,0.999999999998587
195.599999999993,0.999999999998587
195.699999999993,0.999999999998587
195.799999999993,0.999999999998587
195.899999999993,0.999999999998587
195.999999999993,0.999999999998587
196.099999999993,0.999999999998587
196.199999999993,0.999999999998587
196.299999999993,0.999999999998587
196.399999999993,0.999999999998587
196.499999999993,0.999999999998587
196.599999999993,0.999999999998587
196.699999999993,0.999999999998587
196.799999999993,0.999999999998587
196.899999999993,0.999999999998587
196.999999999993,0.999999999998587
197.099999999993,0.999999999998587
197.199999999993,0.999999999998587
197.299999999993,0.999999999998587
197.399999999993,0.999999999998587
197.499999999993,0.999999999998587
197.599999999993,0.999999999998587
197.699999999993,0.999999999998587
197.799999999993,0.999999999998587
197.899999999993,0.999999999998587
197.999999999993,0.999999999998587
198.099999999993,0.999999999998587
198.199999999993,0.999999999998587
198.299999999993,0.999999999998587
198.399999999993,0.999999999998587
198.499999999993,0.999999999998587
198.599999999993,0.999999999998587
198.699999999993,0.999999999998587
198.799999999993,0.999999999998587
198.899999999993,0.999999999998587
198.999999999993,0.999999999998587
199.099999999993,0.999999999998587
199.199999999993,0.999999999998587
199.299999999993,0.999999999998587
199.399999999993,0.999999999998587
199.499999999993,0.999999999998587
199.599999999993,0.999999999998587
199.699999999993,0.999999999998587
199.799999999993,0.999999999998587
199.899999999993,0.999999999998587
199.999999999993,0.999999999998587
200.099999999993,0.999999999998587
200.199999999993,0.999999999998587
200.299999999993,0.999999999998587
200.399999999993,0.999999999998587
200.499999999993,0.999999999998587
200.599999999993,0.999999999998587
200.699999999993,0.999999999998587
200.799999999993,0.999999999998587
200.899999999993,0.999999999998587
200.999999999993,0.999999999998587
201.099999999993,0.999999999998587
201.199999999993,0.999999999998587
201.299999999993,0.999999999998587
201.399999999993,0.999999999998587
201.499999999993,0.999999999998587
201.599999999993,0.999999999998587
201.699999999993,0.999999999998587
201.799999999993,0.999999999998587
201.899999999993,0.999999999998587
201.999999999993,0.999999999998587
202.099999999993,0.999999999998587
202.199999999993,0.999999999998587
202.299999999993,0.999999999998587
202.399999999993,0.999999999998587
202.499999999993,0.999999999998587
202.599999999993,0.999999999998587
202.699999999993,0.999999999998587
202.799999999993,0.999999999998587
202.899999999993,0.999999999998587
202.999999999993,0.999999999998587
203.099999999993,0.999999999998587
203.199999999993,0.999999999998587
203.299999999993,0.999999999998587
203.399999999993,0.999999999998587
203.499999999993,0.999999999998587
203.599999999993,0.999999999998587
203.699999999993,0.999999999998587
203.799999999993,0.999999999998587
203.899999999993,0.999999999998587
203.999999999993,0.999999999998587
204.099999999993,0.999999999998587
204.199999999993,0.999999999998587
204.299999999993,0.999999999998587
204.399999999993,0.999999999998587
204.499999999993,0.999999999998587
204.599999999993,0.999999999998587
204.699999999993,0.999999999998587
204.799999999993,0.999999999998587
204.899999999993,0.999999999998587
204.999999999993,0.999999999998587
205.099999999993,0.999999999998587
205.199999999993,0.999999999998587
205.299999999993,0.999999999998587
205.399999999993,0.999999999998587
205.499999999993,0.999999999998587
205.599999999993,0.999999999998587
205.699999999993,0.999999999998587
205.799999999993,0.999999999998587
205.899999999993,0.999999999998587
205.999999999993,0.999999999998587
206.099999999993,0.999999999998587
206.199999999993,0.999999999998587
206.299999999993,0.999999999998587
206.399999999993,0.999999999998587
206.499999999993,0.999999999998587
206.599999999993,0.999999999998587
206.699999999993,0.999999999998587
206.799999999993,0.999999999998587
206.899999999993,0.999999999998587
206.999999999993,0.999999999998587
207.099999999993,0.999999999998587
207.199999999993,0.999999999998587
207.299999999993,0.999999999998587
207.399999999993,0.999999999998587
207.499999999992,0.999999999998587
207.599999999992,0.999999999998587
207.699999999992,0.999999999998587
207.799999999992,0.999999999998587
207.899999999992,0.999999999998587
207.999999999992,0.999999999998587
208.099999999992,0.999999999998587
208.199999999992,0.999999999998587
208.299999999992,0.999999999998587
208.399999999992,0.999999999998587
208.499999999992,0.999999999998587
208.599999999992,0.999999999998587
208.699999999992,0.999999999998587
208.799999999992,0.999999999998587
208.899999999992,0.999999999998587
208.999999999992,0.999999999998587
209.099999999992,0.999999999998587
209.199999999992,0.999999999998587
209.299999999992,0.999999999998587
209.399999999992,0.999999999998587
209.499999999992,0.999999999998587
209.599999999992,0.999999999998587
209.699999999992,0.999999999998587
209.799999999992,0.999999999998587
209.899999999992,0.999999999998587
209.999999999992,0.999999999998587
210.099999999992,0.999999999998587
210.199999999992,0.999999999998587
210.299999999992,0.999999999998587
210.399999999992,0.999999999998587
210.499999999992,0.999999999998587
210.599999999992,0.999999999998587
210.699999999992,0.999999999998587
210.799999999992,0.999999999998587
210.899999999992,0.999999999998587
210.999999999992,0.999999999998587
211.099999999992,0.999999999998587
211.199999999992,0.999999999998587
211.299999999992,0.999999999998587
211.399999999992,0.999999999998587
211.499999999992,0.999999999998587
211.599999999992,0.999999999998587
211.699999999992,0.999999999998587
211.799999999992,0.999999999998587
211.899999999992,0.999999999998587
211.999999999992,0.999999999998587
212.099999999992,0.999999999998587
212.199999999992,0.999999999998587
212.299999999992,0.999999999998587
212.399999999992,0.999999999998587
212.499999999992,0.999999999998587
212.599999999992,0.999999999998587
212.699999999992,0.999999999998587
212.799999999992,0.999999999998587
212.899999999992,0.999999999998587
212.999999999992,0.999999999998587
213.099999999992,0.999999999998587
213.199999999992,0.999999999998587
213.299999999992,0.999999999998587
213.399999999992,0.999999999998587
213.499999999992,0.999999999998587
213.599999999992,0.999999999998587
213.699999999992,0.999999999998587
213.799999999992,0.999999999998587
213.899999999992,0.999999999998587
213.999999999992,0.999999999998587
214.099999999992,0.999999999998587
214.199999999992,0.999999999998587
214.299999999992,0.999999999998587
214.399999999992,0.999999999998587
214.499999999992,0.999999999998587
214.599999999992,0.999999999998587
214.699999999992,0.999999999998587
214.799999999992,0.999999999998587
214.899999999992,0.999999999998587
214.999999999992,0.999999999998587
215.099999999992,0.999999999998587
215.199999999992,0.999999999998587
215.299999999992,0.999999999998587
215.399999999992,0.999999999998587
215.499999999992,0.999999999998587
215.599999999992,0.999999999998587
215.699999999992,0.999999999998587
215.799999999992,0.999999999998587
215.899999999992,0.999999999998587
215.999999999992,0.999999999998587
216.099999999992,0.999999999998587
216.199999999992,0.999999999998587
216.299999999992,0.999999999998587
216.399999999992,0.999999999998587
216.499999999992,0.999999999998587
216.599999999992,0.999999999998587
216.699999999992,0.999999999998587
216.799999999992,0.999999999998587
216.899999999992,0.999999999998587
216.999999999992,0.999999999998587
217.099999999992,0.999999999998587
217.199999999992,0.999999999998587
217.299999999992,0.999999999998587
217.399999999992,0.999999999998587
217.499999999992,0.999999999998587
217.599999999992,0.999999999998587
217.699999999992,0.999999999998587
217.799999999992,0.999999999998587
217.899999999992,0.999999999998587
217.999999999992,0.999999999998587
218.099999999992,0.999999999998587
218.199999999992,0.999999999998587
218.299999999992,0.999999999998587
218.399999999992,0.999999999998587
218.499999999992,0.999999999998587
218.599999999992,0.999999999998587
218.699999999992,0.999999999998587
218.799999999992,0.999999999998587
218.899999999992,0.999999999998587
218.999999999992,0.999999999998587
219.099999999992,0.999999999998587
219.199999999992,0.999999999998587
219.299999999992,0.999999999998587
219.399999999992,0.999999999998587
219.499999999992,0.999999999998587
219.599999999992,0.999999999998587
219.699999999992,0.999999999998587
219.799999999992,0.999999999998587
219.899999999992,0.999999999998587
219.999999999992,0.999999999998587
220.099999999992,0.999999999998587
220.199999999992,0.999999999998587
220.299999999992,0.999999999998587
220.399999999992,0.999999999998587
220.499999999992,0.999999999998587
220.599999999992,0.999999999998587
220.699999999992,0.999999999998587
220.799999999992,0.999999999998587
220.899999999992,0.999999999998587
220.999999999992,0.999999999998587
221.099999999992,0.999999999998587
221.199999999992,0.999999999998587
221.299999999992,0.999999999998587
221.399999999992,0.999999999998587
221.499999999992,0.999999999998587
221.599999999992,0.999999999998587
221.699999999992,0.999999999998587
221.799999999992,0.999999999998587
221.899999999992,0.999999999998587
221.999999999992,0.999999999998587
222.099999999992,0.999999999998587
222.199999999992,0.999999999998587
222.299999999992,0.999999999998587
222.399999999992,0.999999999998587
222.499999999992,0.999999999998587
222.599999999992,0.999999999998587
222.699999999992,0.999999999998587
222.799999999992,0.999999999998587
222.899999999992,0.999999999998587
222.999999999992,0.999999999998587
223.099999999992,0.999999999998587
223.199999999992,0.999999999998587
223.299999999992,0.999999999998587
223.399999999992,0.999999999998587
223.499999999992,0.999999999998587
223.599999999992,0.999999999998587
223.699999999992,0.999999999998587
223.799999999992,0.999999999998587
223.899999999992,0.999999999998587
223.999999999992,0.999999999998587
224.099999999992,0.999999999998587
224.199999999992,0.999999999998587
224.299999999992,0.999999999998587
224.399999999992,0.999999999998587
224.499999999992,0.999999999998587
224.599999999992,0.999999999998587
224.699999999992,0.999999999998587
224.799999999992,0.999999999998587
224.899999999992,0.999999999998587
224.999999999992,0.999999999998587
225.099999999991,0.999999999998587
225.199999999991,0.999999999998587
225.299999999991,0.999999999998587
225.399999999991,0.999999999998587
225.499999999991,0.999999999998587
225.599999999991,0.999999999998587
225.699999999991,0.999999999998587
225.799999999991,0.999999999998587
225.899999999991,0.999999999998587
225.999999999991,0.999999999998587
226.099999999991,0.999999999998587
226.199999999991,0.999999999998587
226.299999999991,0.999999999998587
226.399999999991,0.999999999998587
226.499999999991,0.999999999998587
226.599999999991,0.999999999998587
226.699999999991,0.999999999998587
226.799999999991,0.999999999998587
226.899999999991,0.999999999998587
226.999999999991,0.999999999998587
227.099999999991,0.999999999998587
227.199999999991,0.999999999998587
227.299999999991,0.999999999998587
227.399999999991,0.999999999998587
227.499999999991,0.999999999998587
227.599999999991,0.999999999998587
227.699999999991,0.999999999998587
227.799999999991,0.999999999998587
227.899999999991,0.999999999998587
227.999999999991,0.999999999998587
228.099999999991,0.999999999998587
228.199999999991,0.999999999998587
228.299999999991,0.999999999998587
228.399999999991,0.999999999998587
228.499999999991,0.999999999998587
228.599999999991,0.999999999998587
228.699999999991,0.999999999998587
228.799999999991,0.999999999998587
228.899999999991,0.999999999998587
228.999999999991,0.999999999998587
229.099999999991,0.999999999998587
229.199999999991,0.999999999998587
229.299999999991,0.999999999998587
229.399999999991,0.999999999998587
229.499999999991,0.999999999998587
229.599999999991,0.999999999998587
229.699999999991,0.999999999998587
229.799999999991,0.999999999998587
229.899999999991,0.999999999998587
229.999999999991,0.999999999998587
230.099999999991,0.999999999998587
230.199999999991,0.999999999998587
230.299999999991,0.999999999998587
230.399999999991,0.999999999998587
230.499999999991,0.999999999998587
230.599999999991,0.999999999998587
230.699999999991,0.999999999998587
230.799999999991,0.999999999998587
230.899999999991,0.999999999998587
230.999999999991,0.999999999998587
231.099999999991,0.999999999998587
231.199999999991,0.999999999998587
231.299999999991,0.999999999998587
231.399999999991,0.999999999998587
231.499999999991,0.999999999998587
231.599999999991,0.999999999998587
231.699999999991,0.999999999998587
231.799999999991,0.999999999998587
231.899999999991,0.999999999998587
231.999999999991,0.999999999998587
232.099999999991,0.999999999998587
232.199999999991,0.999999999998587
232.299999999991,0.999999999998587
232.399999999991,0.999999999998587
232.499999999991,0.999999999998587
232.599999999991,0.999999999998587
232.699999999991,0.999999999998587
232.799999999991,0.999999999998587
232.899999999991,0.999999999998587
232.999999999991,0.999999999998587
233.099999999991,0.999999999998587
233.199999999991,0.999999999998587
233.299999999991,0.999999999998587
233.399999999991,0.999999999998587
233.499999999991,0.999999999998587
233.599999999991,0.999999999998587
233.699999999991,0.999999999998587
233.799999999991,0.999999999998587
233.899999999991,0.999999999998587
233.999999999991,0.999999999998587
234.099999999991,0.999999999998587
234.199999999991,0.999999999998587
234.299999999991,0.999999999998587
234.399999999991,0.999999999998587
234.499999999991,0.999999999998587
234.599999999991,0.999999999998587
234.699999999991,0.999999999998587
234.799999999991,0.999999999998587
234.899999999991,0.999999999998587
234.999999999991,0.999999999998587
235.099999999991,0.999999999998587
235.199999999991,0.999999999998587
235.299999999991,0.999999999998587
235.399999999991,0.999999999998587
235.499999999991,0.999999999998587
235.599999999991,0.999999999998587
235.699999999991,0.999999999998587
235.799999999991,0.999999999998587
235.899999999991,0.999999999998587
235.999999999991,0.999999999998587
236.099999999991,0.999999999998587
236.199999999991,0.999999999998587
236.299999999991,0.999999999998587
236.399999999991,0.999999999998587
236.499999999991,0.999999999998587
236.599999999991,0.999999999998587
236.699999999991,0.999999999998587
236.799999999991,0.999999999998587
236.899999999991,0.999999999998587
236.999999999991,0.999999999998587
237.099999999991,0.999999999998587
237.199999999991,0.999999999998587
237.299999999991,0.999999999998587
237.399999999991,0.999999999998587
237.499999999991,0.999999999998587
237.599999999991,0.999999999998587
237.699999999991,0.999999999998587
237.799999999991,0.999999999998587
237.899999999991,0.999999999998587
237.999999999991,0.999999999998587
238.099999999991,0.999999999998587
238.199999999991,0.999999999998587
238.299999999991,0.999999999998587
238.399999999991,0.999999999998587
238.499999999991,0.999999999998587
238.599999999991,0.999999999998587
238.699999999991,0.999999999998587
238.799999999991,0.999999999998587
238.899999999991,0.999999999998587
238.999999999991,0.999999999998587
239.099999999991,0.999999999998587
239.199999999991,0.999999999998587
239.299999999991,0.999999999998587
239.399999999991,0.999999999998587
239.499999999991,0.999999999998587
239.599999999991,0.999999999998587
239.699999999991,0.999999999998587
239.799999999991,0.999999999998587
239.899999999991,0.999999999998587
239.999999999991,0.999999999998587
240.099999999991,0.999999999998587
240.199999999991,0.999999999998587
240.299999999991,0.999999999998587
240.399999999991,0.999999999998587
240.499999999991,0.999999999998587
240.599999999991,0.999999999998587
240.699999999991,0.999999999998587
240.799999999991,0.999999999998587
240.899999999991,0.999999999998587
240.999999999991,0.999999999998587
241.099999999991,0.999999999998587
241.199999999991,0.999999999998587
241.299999999991,0.999999999998587
241.399999999991,0.999999999998587
241.499999999991,0.999999999998587
241.599999999991,0.999999999998587
241.699999999991,0.999999999998587
241.799999999991,0.999999999998587
241.899999999991,0.999999999998587
241.999999999991,0.999999999998587
242.099999999991,0.999999999998587
242.199999999991,0.999999999998587
242.299999999991,0.999999999998587
242.399999999991,0.999999999998587
242.499999999991,0.999999999998587
242.599999999991,0.999999999998587
242.69999999999,0.999999999998587
242.79999999999,0.999999999998587
242.89999999999,0.999999999998587
242.99999999999,0.999999999998587
243.09999999999,0.999999999998587
243.19999999999,0.999999999998587
243.29999999999,0.999999999998587
243.39999999999,0.999999999998587
243.49999999999,0.999999999998587
243.59999999999,0.999999999998587
243.69999999999,0.999999999998587
243.79999999999,0.999999999998587
243.89999999999,0.999999999998587
243.99999999999,0.999999999998587
244.09999999999,0.999999999998587
244.19999999999,0.999999999998587
244.29999999999,0.999999999998587
244.39999999999,0.999999999998587
244.49999999999,0.999999999998587
244.59999999999,0.999999999998587
244.69999999999,0.999999999998587
244.79999999999,0.999999999998587
244.89999999999,0.999999999998587
244.99999999999,0.999999999998587
245.09999999999,0.999999999998587
245.19999999999,0.999999999998587
245.29999999999,0.999999999998587
245.39999999999,0.999999999998587
245.49999999999,0.999999999998587
245.59999999999,0.999999999998587
245.69999999999,0.999999999998587
245.79999999999,0.999999999998587
245.89999999999,0.999999999998587
245.99999999999,0.999999999998587
246.09999999999,0.999999999998587
246.19999999999,0.999999999998587
246.29999999999,0.999999999998587
246.39999999999,0.999999999998587
246.49999999999,0.999999999998587
246.59999999999,0.999999999998587
246.69999999999,0.999999999998587
246.79999999999,0.999999999998587
246.89999999999,0.999999999998587
246.99999999999,0.999999999998587
247.09999999999,0.999999999998587
247.19999999999,0.999999999998587
247.29999999999,0.999999999998587
247.39999999999,0.999999999998587
247.49999999999,0.999999999998587
247.59999999999,0.999999999998587
247.69999999999,0.999999999998587
247.79999999999,0.999999999998587
247.89999999999,0.999999999998587
247.99999999999,0.999999999998587
248.09999999999,0.999999999998587
248.19999999999,0.999999999998587
248.29999999999,0.999999999998587
248.39999999999,0.999999999998587
248.49999999999,0.999999999998587
248.59999999999,0.999999999998587
248.69999999999,0.999999999998587
248.79999999999,0.999999999998587
248.89999999999,0.999999999998587
248.99999999999,0.999999999998587
249.09999999999,0.999999999998587
249.19999999999,0.999999999998587
249.29999999999,0.999999999998587
249.39999999999,0.999999999998587
249.49999999999,0.999999999998587
249.59999999999,0.999999999998587
249.69999999999,0.999999999998587
249.79999999999,0.999999999998587
249.89999999999,0.999999999998587
249.99999999999,0.999999999998587
250.09999999999,0.999999999998587
250.19999999999,0.999999999998587
250.29999999999,0.999999999998587
250.39999999999,0.999999999998587
250.49999999999,0.999999999998587
250.59999999999,0.999999999998587
250.69999999999,0.999999999998587
250.79999999999,0.999999999998587
250.89999999999,0.999999999998587
250.99999999999,0.999999999998587
251.09999999999,0.999999999998587
251.19999999999,0.999999999998587
251.29999999999,0.999999999998587
251.39999999999,0.999999999998587
251.49999999999,0.999999999998587
251.59999999999,0.999999999998587
251.69999999999,0.999999999998587
251.79999999999,0.999999999998587
251.89999999999,0.999999999998587
251.99999999999,0.999999999998587
252.09999999999,0.999999999998587
252.19999999999,0.999999999998587
252.29999999999,0.999999999998587
252.39999999999,0.999999999998587
252.49999999999,0.999999999998587
252.59999999999,0.999999999998587
252.69999999999,0.999999999998587
252.79999999999,0.999999999998587
252.89999999999,0.999999999998587
252.99999999999,0.999999999998587
253.09999999999,0.999999999998587
253.19999999999,0.999999999998587
253.29999999999,0.999999999998587
253.39999999999,0.999999999998587
253.49999999999,0.999999999998587
253.59999999999,0.999999999998587
253.69999999999,0.999999999998587
253.79999999999,0.999999999998587
253.89999999999,0.999999999998587
253.99999999999,0.999999999998587
254.09999999999,0.999999999998587
254.19999999999,0.999999999998587
254.29999999999,0.999999999998587
254.39999999999,0.999999999998587
254.49999999999,0.999999999998587
254.59999999999,0.999999999998587
254.69999999999,0.999999999998587
254.79999999999,0.999999999998587
254.89999999999,0.999999999998587
254.99999999999,0.999999999998587
255.09999999999,0.999999999998587
255.19999999999,0.999999999998587
255.29999999999,0.999999999998587
255.39999999999,0.999999999998587
255.49999999999,0.999999999998587
255.59999999999,0.999999999998587
255.69999999999,0.999999999998587
255.79999999999,0.999999999998587
255.89999999999,0.999999999998587
255.99999999999,0.999999999998587
256.09999999999,0.999999999998587
256.19999999999,0.999999999998587
256.29999999999,0.999999999998587
256.39999999999,0.999999999998587
256.49999999999,0.999999999998587
256.59999999999,0.999999999998587
256.69999999999,0.999999999998587
256.79999999999,0.999999999998587
256.89999999999,0.999999999998587
256.99999999999,0.999999999998587
257.09999999999,0.999999999998587
257.19999999999,0.999999999998587
257.29999999999,0.999999999998587
257.39999999999,0.999999999998587
257.49999999999,0.999999999998587
257.59999999999,0.999999999998587
257.69999999999,0.999999999998587
257.79999999999,0.999999999998587
257.89999999999,0.999999999998587
257.99999999999,0.999999999998587
258.09999999999,0.999999999998587
258.19999999999,0.999999999998587
258.29999999999,0.999999999998587
258.39999999999,0.999999999998587
258.49999999999,0.999999999998587
258.59999999999,0.999999999998587
258.69999999999,0.999999999998587
258.79999999999,0.999999999998587
258.89999999999,0.999999999998587
258.99999999999,0.999999999998587
259.09999999999,0.999999999998587
259.19999999999,0.999999999998587
259.29999999999,0.999999999998587
259.39999999999,0.999999999998587
259.499999999991,0.999999999998587
259.599999999991,0.999999999998587
259.699999999991,0.999999999998587
259.799999999991,0.999999999998587
259.899999999991,0.999999999998587
259.999999999991,0.999999999998587
260.099999999991,0.999999999998587
260.199999999991,0.999999999998587
260.299999999991,0.999999999998587
260.399999999991,0.999999999998587
260.499999999991,0.999999999998587
260.599999999991,0.999999999998587
260.699999999991,0.999999999998587
260.799999999991,0.999999999998587
260.899999999991,0.999999999998587
260.999999999991,0.999999999998587
261.099999999991,0.999999999998587
261.199999999991,0.999999999998587
261.299999999991,0.999999999998587
261.399999999991,0.999999999998587
261.499999999991,0.999999999998587
261.599999999991,0.999999999998587
261.699999999991,0.999999999998587
261.799999999991,0.999999999998587
261.899999999991,0.999999999998587
261.999999999991,0.999999999998587
262.099999999991,0.999999999998587
262.199999999991,0.999999999998587
262.299999999991,0.999999999998587
262.399999999991,0.999999999998587
262.499999999991,0.999999999998587
262.599999999991,0.999999999998587
262.699999999991,0.999999999998587
262.799999999991,0.999999999998587
262.899999999991,0.999999999998587
262.999999999991,0.999999999998587
263.099999999991,0.999999999998587
263.199999999991,0.999999999998587
263.299999999991,0.999999999998587
263.399999999991,0.999999999998587
263.499999999991,0.999999999998587
263.599999999991,0.999999999998587
263.699999999991,0.999999999998587
263.799999999991,0.999999999998587
263.899999999992,0.999999999998587
263.999999999992,0.999999999998587
264.099999999992,0.999999999998587
264.199999999992,0.999999999998587
264.299999999992,0.999999999998587
264.399999999992,0.999999999998587
264.499999999992,0.999999999998587
264.599999999992,0.999999999998587
264.699999999992,0.999999999998587
264.799999999992,0.999999999998587
264.899999999992,0.999999999998587
264.999999999992,0.999999999998587
265.099999999992,0.999999999998587
265.199999999992,0.999999999998587
265.299999999992,0.999999999998587
265.399999999992,0.999999999998587
265.499999999992,0.999999999998587
265.599999999992,0.999999999998587
265.699999999992,0.999999999998587
265.799999999992,0.999999999998587
265.899999999992,0.999999999998587
265.999999999992,0.999999999998587
266.099999999992,0.999999999998587
266.199999999992,0.999999999998587
266.299999999992,0.999999999998587
266.399999999992,0.999999999998587
266.499999999992,0.999999999998587
266.599999999992,0.999999999998587
266.699999999992,0.999999999998587
266.799999999992,0.999999999998587
266.899999999992,0.999999999998587
266.999999999992,0.999999999998587
267.099999999992,0.999999999998587
267.199999999992,0.999999999998587
267.299999999992,0.999999999998587
267.399999999992,0.999999999998587
267.499999999992,0.999999999998587
267.599999999992,0.999999999998587
267.699999999992,0.999999999998587
267.799999999992,0.999999999998587
267.899999999992,0.999999999998587
267.999999999992,0.999999999998587
268.099999999992,0.999999999998587
268.199999999992,0.999999999998587
268.299999999993,0.999999999998587
268.399999999993,0.999999999998587
268.499999999993,0.999999999998587
268.599999999993,0.999999999998587
268.699999999993,0.999999999998587
268.799999999993,0.999999999998587
268.899999999993,0.999999999998587
268.999999999993,0.999999999998587
269.099999999993,0.999999999998587
269.199999999993,0.999999999998587
269.299999999993,0.999999999998587
269.399999999993,0.999999999998587
269.499999999993,0.999999999998587
269.599999999993,0.999999999998587
269.699999999993,0.999999999998587
269.799999999993,0.999999999998587
269.899999999993,0.999999999998587
269.999999999993,0.999999999998587
270.099999999993,0.999999999998587
270.199999999993,0.999999999998587
270.299999999993,0.999999999998587
270.399999999993,0.999999999998587
270.499999999993,0.999999999998587
270.599999999993,0.999999999998587
270.699999999993,0.999999999998587
270.799999999993,0.999999999998587
270.899999999993,0.999999999998587
270.999999999993,0.999999999998587
271.099999999993,0.999999999998587
271.199999999993,0.999999999998587
271.299999999993,0.999999999998587
271.399999999993,0.999999999998587
271.499999999993,0.999999999998587
271.599999999993,0.999999999998587
271.699999999993,0.999999999998587
271.799999999993,0.999999999998587
271.899999999993,0.999999999998587
271.999999999993,0.999999999998587
272.099999999993,0.999999999998587
272.199999999993,0.999999999998587
272.299999999993,0.999999999998587
272.399999999993,0.999999999998587
272.499999999993,0.999999999998587
272.599999999993,0.999999999998587
272.699999999994,0.999999999998587
272.799999999994,0.999999999998587
272.899999999994,0.999999999998587
272.999999999994,0.999999999998587
273.099999999994,0.999999999998587
273.199999999994,0.999999999998587
273.299999999994,0.999999999998587
273.399999999994,0.999999999998587
273.499999999994,0.999999999998587
273.599999999994,0.999999999998587
273.699999999994,0.999999999998587
273.799999999994,0.999999999998587
273.899999999994,0.999999999998587
273.999999999994,0.999999999998587
274.099999999994,0.999999999998587
274.199999999994,0.999999999998587
274.299999999994,0.999999999998587
274.399999999994,0.999999999998587
274.499999999994,0.999999999998587
274.599999999994,0.999999999998587
274.699999999994,0.999999999998587
274.799999999994,0.999999999998587
274.899999999994,0.999999999998587
274.999999999994,0.999999999998587
275.099999999994,0.999999999998587
275.199999999994,0.999999999998587
275.299999999994,0.999999999998587
275.399999999994,0.999999999998587
275.499999999994,0.999999999998587
275.599999999994,0.999999999998587
275.699999999994,0.999999999998587
275.799999999994,0.999999999998587
275.899999999994,0.999999999998587
275.999999999994,0.999999999998587
276.099999999994,0.999999999998587
276.199999999994,0.999999999998587
276.299999999994,0.999999999998587
276.399999999994,0.999999999998587
276.499999999994,0.999999999998587
276.599999999994,0.999999999998587
276.699999999994,0.999999999998587
276.799999999994,0.999999999998587
276.899999999994,0.999999999998587
276.999999999994,0.999999999998587
277.099999999995,0.999999999998587
277.199999999995,0.999999999998587
277.299999999995,0.999999999998587
277.399999999995,0.999999999998587
277.499999999995,0.999999999998587
277.599999999995,0.999999999998587
277.699999999995,0.999999999998587
277.799999999995,0.999999999998587
277.899999999995,0.999999999998587
277.999999999995,0.999999999998587
278.099999999995,0.999999999998587
278.199999999995,0.999999999998587
278.299999999995,0.999999999998587
278.399999999995,0.999999999998587
278.499999999995,0.999999999998587
278.599999999995,0.999999999998587
278.699999999995,0.999999999998587
278.799999999995,0.999999999998587
278.899999999995,0.999999999998587
278.999999999995,0.999999999998587
279.099999999995,0.999999999998587
279.199999999995,0.999999999998587
279.299999999995,0.999999999998587
279.399999999995,0.999999999998587
279.499999999995,0.999999999998587
279.599999999995,0.999999999998587
279.699999999995,0.999999999998587
279.799999999995,0.999999999998587
279.899999999995,0.999999999998587
279.999999999995,0.999999999998587
280.099999999995,0.999999999998587
280.199999999995,0.999999999998587
280.299999999995,0.999999999998587
280.399999999995,0.999999999998587
280.499999999995,0.999999999998587
280.599999999995,0.999999999998587
280.699999999995,0.999999999998587
280.799999999995,0.999999999998587
280.899999999995,0.999999999998587
280.999999999995,0.999999999998587
281.099999999995,0.999999999998587
281.199999999995,0.999999999998587
281.299999999995,0.999999999998587
281.399999999995,0.999999999998587
281.499999999996,0.999999999998587
281.599999999996,0.999999999998587
281.699999999996,0.999999999998587
281.799999999996,0.999999999998587
281.899999999996,0.999999999998587
281.999999999996,0.999999999998587
282.099999999996,0.999999999998587
282.199999999996,0.999999999998587
282.299999999996,0.999999999998587
282.399999999996,0.999999999998587
282.499999999996,0.999999999998587
282.599999999996,0.999999999998587
282.699999999996,0.999999999998587
282.799999999996,0.999999999998587
282.899999999996,0.999999999998587
282.999999999996,0.999999999998587
283.099999999996,0.999999999998587
283.199999999996,0.999999999998587
283.299999999996,0.999999999998587
283.399999999996,0.999999999998587
283.499999999996,0.999999999998587
283.599999999996,0.999999999998587
283.699999999996,0.999999999998587
283.799999999996,0.999999999998587
283.899999999996,0.999999999998587
283.999999999996,0.999999999998587
284.099999999996,0.999999999998587
284.199999999996,0.999999999998587
284.299999999996,0.999999999998587
284.399999999996,0.999999999998587
284.499999999996,0.999999999998587
284.599999999996,0.999999999998587
284.699999999996,0.999999999998587
284.799999999996,0.999999999998587
284.899999999996,0.999999999998587
284.999999999996,0.999999999998587
285.099999999996,0.999999999998587
285.199999999996,0.999999999998587
285.299999999996,0.999999999998587
285.399999999996,0.999999999998587
285.499999999996,0.999999999998587
285.599999999996,0.999999999998587
285.699999999996,0.999999999998587
285.799999999996,0.999999999998587
285.899999999997,0.999999999998587
285.999999999997,0.999999999998587
286.099999999997,0.999999999998587
286.199999999997,0.999999999998587
286.299999999997,0.999999999998587
286.399999999997,0.999999999998587
286.499999999997,0.999999999998587
286.599999999997,0.999999999998587
286.699999999997,0.999999999998587
286.799999999997,0.999999999998587
286.899999999997,0.999999999998587
286.999999999997,0.999999999998587
287.099999999997,0.999999999998587
287.199999999997,0.999999999998587
287.299999999997,0.999999999998587
287.399999999997,0.999999999998587
287.499999999997,0.999999999998587
287.599999999997,0.999999999998587
287.699999999997,0.999999999998587
287.799999999997,0.999999999998587
287.899999999997,0.999999999998587
287.999999999997,0.999999999998587
288.099999999997,0.999999999998587
288.199999999997,0.999999999998587
288.299999999997,0.999999999998587
288.399999999997,0.999999999998587
288.499999999997,0.999999999998587
288.599999999997,0.999999999998587
288.699999999997,0.999999999998587
288.799999999997,0.999999999998587
288.899999999997,0.999999999998587
288.999999999997,0.999999999998587
289.099999999997,0.999999999998587
289.199999999997,0.999999999998587
289.299999999997,0.999999999998587
289.399999999997,0.999999999998587
289.499999999997,0.999999999998587
289.599999999997,0.999999999998587
289.699999999997,0.999999999998587
289.799999999997,0.999999999998587
289.899999999997,0.999999999998587
289.999999999997,0.999999999998587
290.099999999997,0.999999999998587
290.199999999997,0.999999999998587
290.299999999998,0.999999999998587
290.399999999998,0.999999999998587
290.499999999998,0.999999999998587
290.599999999998,0.999999999998587
290.699999999998,0.999999999998587
290.799999999998,0.999999999998587
290.899999999998,0.999999999998587
290.999999999998,0.999999999998587
291.099999999998,0.999999999998587
291.199999999998,0.999999999998587
291.299999999998,0.999999999998587
291.399999999998,0.999999999998587
291.499999999998,0.999999999998587
291.599999999998,0.999999999998587
291.699999999998,0.999999999998587
291.799999999998,0.999999999998587
291.899999999998,0.999999999998587
291.999999999998,0.999999999998587
292.099999999998,0.999999999998587
292.199999999998,0.999999999998587
292.299999999998,0.999999999998587
292.399999999998,0.999999999998587
292.499999999998,0.999999999998587
292.599999999998,0.999999999998587
292.699999999998,0.999999999998587
292.799999999998,0.999999999998587
292.899999999998,0.999999999998587
292.999999999998,0.999999999998587
293.099999999998,0.999999999998587
293.199999999998,0.999999999998587
293.299999999998,0.999999999998587
293.399999999998,0.999999999998587
293.499999999998,0.999999999998587
293.599999999998,0.999999999998587
293.699999999998,0.999999999998587
293.799999999998,0.999999999998587
293.899999999998,0.999999999998587
293.999999999998,0.999999999998587
294.099999999998,0.999999999998587
294.199999999998,0.999999999998587
294.299999999998,0.999999999998587
294.399999999998,0.999999999998587
294.499999999998,0.999999999998587
294.599999999998,0.999999999998587
294.699999999999,0.999999999998587
294.799999999999,0.999999999998587
294.899999999999,0.999999999998587
294.999999999999,0.999999999998587
295.099999999999,0.999999999998587
295.199999999999,0.999999999998587
295.299999999999,0.999999999998587
295.399999999999,0.999999999998587
295.499999999999,0.999999999998587
295.599999999999,0.999999999998587
295.699999999999,0.999999999998587
295.799999999999,0.999999999998587
295.899999999999,0.999999999998587
295.999999999999,0.999999999998587
296.099999999999,0.999999999998587
296.199999999999,0.999999999998587
296.299999999999,0.999999999998587
296.399999999999,0.999999999998587
296.499999999999,0.999999999998587
296.599999999999,0.999999999998587
296.699999999999,0.999999999998587
296.799999999999,0.999999999998587
296.899999999999,0.999999999998587
296.999999999999,0.999999999998587
297.099999999999,0.999999999998587
297.199999999999,0.999999999998587
297.299999999999,0.999999999998587
297.399999999999,0.999999999998587
297.499999999999,0.999999999998587
297.599999999999,0.999999999998587
297.699999999999,0.999999999998587
297.799999999999,0.999999999998587
297.899999999999,0.999999999998587
297.999999999999,0.999999999998587
298.099999999999,0.999999999998587
298.199999999999,0.999999999998587
298.299999999999,0.999999999998587
298.399999999999,0.999999999998587
298.499999999999,0.999999999998587
298.599999999999,0.999999999998587
298.699999999999,0.999999999998587
298.799999999999,0.999999999998587
298.899999999999,0.999999999998587
298.999999999999,0.999999999998587
299.1,0.999999999998587
299.2,0.999999999998587
299.3,0.999999999998587
299.4,0.999999999998587
299.5,0.999999999998587
299.6,0.999999999998587
299.7,0.999999999998587
299.8,0.999999999998587
299.9,0.999999999998587
300,0.999999999998587
300.1,0.999999999998587
300.2,0.999999999998587
300.3,0.999999999998587
300.4,0.999999999998587
300.5,0.999999999998587
300.6,0.999999999998587
300.7,0.999999999998587
300.8,0.999999999998587
300.9,0.999999999998587
301,0.999999999998587
301.1,0.999999999998587
301.2,0.999999999998587
301.3,0.999999999998587
301.4,0.999999999998587
301.5,0.999999999998587
301.6,0.999999999998587
301.7,0.999999999998587
301.8,0.999999999998587
301.9,0.999999999998587
302,0.999999999998587
302.1,0.999999999998587
302.2,0.999999999998587
302.3,0.999999999998587
302.4,0.999999999998587
302.5,0.999999999998587
302.6,0.999999999998587
302.7,0.999999999998587
302.8,0.999999999998587
302.9,0.999999999998587
303,0.999999999998587
303.1,0.999999999998587
303.2,0.999999999998587
303.3,0.999999999998587
303.4,0.999999999998587
303.500000000001,0.999999999998587
303.600000000001,0.999999999998587
303.700000000001,0.999999999998587
303.800000000001,0.999999999998587
303.900000000001,0.999999999998587
304.000000000001,0.999999999998587
304.100000000001,0.999999999998587
304.200000000001,0.999999999998587
304.300000000001,0.999999999998587
304.400000000001,0.999999999998587
304.500000000001,0.999999999998587
304.600000000001,0.999999999998587
304.700000000001,0.999999999998587
304.800000000001,0.999999999998587
304.900000000001,0.999999999998587
305.000000000001,0.999999999998587
305.100000000001,0.999999999998587
305.200000000001,0.999999999998587
305.300000000001,0.999999999998587
305.400000000001,0.999999999998587
305.500000000001,0.999999999998587
305.600000000001,0.999999999998587
305.700000000001,0.999999999998587
305.800000000001,0.999999999998587
305.900000000001,0.999999999998587
306.000000000001,0.999999999998587
306.100000000001,0.999999999998587
306.200000000001,0.999999999998587
306.300000000001,0.999999999998587
306.400000000001,0.999999999998587
306.500000000001,0.999999999998587
306.600000000001,0.999999999998587
306.700000000001,0.999999999998587
306.800000000001,0.999999999998587
306.900000000001,0.999999999998587
307.000000000001,0.999999999998587
307.100000000001,0.999999999998587
307.200000000001,0.999999999998587
307.300000000001,0.999999999998587
307.400000000001,0.999999999998587
307.500000000001,0.999999999998587
307.600000000001,0.999999999998587
307.700000000001,0.999999999998587
307.800000000001,0.999999999998587
307.900000000002,0.999999999998587
308.000000000002,0.999999999998587
308.100000000002,0.999999999998587
308.200000000002,0.999999999998587
308.300000000002,0.999999999998587
308.400000000002,0.999999999998587
308.500000000002,0.999999999998587
308.600000000002,0.999999999998587
308.700000000002,0.999999999998587
308.800000000002,0.999999999998587
308.900000000002,0.999999999998587
309.000000000002,0.999999999998587
309.100000000002,0.999999999998587
309.200000000002,0.999999999998587
309.300000000002,0.999999999998587
309.400000000002,0.999999999998587
309.500000000002,0.999999999998587
309.600000000002,0.999999999998587
309.700000000002,0.999999999998587
309.800000000002,0.999999999998587
309.900000000002,0.999999999998587
310.000000000002,0.999999999998587
310.100000000002,0.999999999998587
310.200000000002,0.999999999998587
310.300000000002,0.999999999998587
310.400000000002,0.999999999998587
310.500000000002,0.999999999998587
310.600000000002,0.999999999998587
310.700000000002,0.999999999998587
310.800000000002,0.999999999998587
310.900000000002,0.999999999998587
311.000000000002,0.999999999998587
311.100000000002,0.999999999998587
311.200000000002,0.999999999998587
311.300000000002,0.999999999998587
311.400000000002,0.999999999998587
311.500000000002,0.999999999998587
311.600000000002,0.999999999998587
311.700000000002,0.999999999998587
311.800000000002,0.999999999998587
311.900000000002,0.999999999998587
312.000000000002,0.999999999998587
312.100000000002,0.999999999998587
312.200000000002,0.999999999998587
312.300000000003,0.999999999998587
312.400000000003,0.999999999998587
312.500000000003,0.999999999998587
312.600000000003,0.999999999998587
312.700000000003,0.999999999998587
312.800000000003,0.999999999998587
312.900000000003,0.999999999998587
313.000000000003,0.999999999998587
313.100000000003,0.999999999998587
313.200000000003,0.999999999998587
313.300000000003,0.999999999998587
313.400000000003,0.999999999998587
313.500000000003,0.999999999998587
313.600000000003,0.999999999998587
313.700000000003,0.999999999998587
313.800000000003,0.999999999998587
313.900000000003,0.999999999998587
314.000000000003,0.999999999998587
314.100000000003,0.999999999998587
314.200000000003,0.999999999998587
314.300000000003,0.999999999998587
314.400000000003,0.999999999998587
314.500000000003,0.999999999998587
314.600000000003,0.999999999998587
314.700000000003,0.999999999998587
314.800000000003,0.999999999998587
314.900000000003,0.999999999998587
315.000000000003,0.999999999998587
315.100000000003,0.999999999998587
315.200000000003,0.999999999998587
315.300000000003,0.999999999998587
315.400000000003,0.999999999998587
315.500000000003,0.999999999998587
315.600000000003,0.999999999998587
315.700000000003,0.999999999998587
315.800000000003,0.999999999998587
315.900000000003,0.999999999998587
316.000000000003,0.999999999998587
316.100000000003,0.999999999998587
316.200000000003,0.999999999998587
316.300000000003,0.999999999998587
316.400000000003,0.999999999998587
316.500000000003,0.999999999998587
316.600000000003,0.999999999998587
316.700000000004,0.999999999998587
316.800000000004,0.999999999998587
316.900000000004,0.999999999998587
317.000000000004,0.999999999998587
317.100000000004,0.999999999998587
317.200000000004,0.999999999998587
317.300000000004,0.999999999998587
317.400000000004,0.999999999998587
317.500000000004,0.999999999998587
317.600000000004,0.999999999998587
317.700000000004,0.999999999998587
317.800000000004,0.999999999998587
317.900000000004,0.999999999998587
318.000000000004,0.999999999998587
318.100000000004,0.999999999998587
318.200000000004,0.999999999998587
318.300000000004,0.999999999998587
318.400000000004,0.999999999998587
318.500000000004,0.999999999998587
318.600000000004,0.999999999998587
318.700000000004,0.999999999998587
318.800000000004,0.999999999998587
318.900000000004,0.999999999998587
319.000000000004,0.999999999998587
319.100000000004,0.999999999998587
319.200000000004,0.999999999998587
319.300000000004,0.999999999998587
319.400000000004,0.999999999998587
319.500000000004,0.999999999998587
319.600000000004,0.999999999998587
319.700000000004,0.999999999998587
319.800000000004,0.999999999998587
319.900000000004,0.999999999998587
320.000000000004,0.999999999998587
320.100000000004,0.999999999998587
320.200000000004,0.999999999998587
320.300000000004,0.999999999998587
320.400000000004,0.999999999998587
320.500000000004,0.999999999998587
320.600000000004,0.999999999998587
320.700000000004,0.999999999998587
320.800000000004,0.999999999998587
320.900000000004,0.999999999998587
321.000000000004,0.999999999998587
321.100000000005,0.999999999998587
321.200000000005,0.999999999998587
321.300000000005,0.999999999998587
321.400000000005,0.999999999998587
321.500000000005,0.999999999998587
321.600000000005,0.999999999998587
321.700000000005,0.999999999998587
321.800000000005,0.999999999998587
321.900000000005,0.999999999998587
322.000000000005,0.999999999998587
322.100000000005,0.999999999998587
322.200000000005,0.999999999998587
322.300000000005,0.999999999998587
322.400000000005,0.999999999998587
322.500000000005,0.999999999998587
322.600000000005,0.999999999998587
322.700000000005,0.999999999998587
322.800000000005,0.999999999998587
322.900000000005,0.999999999998587
323.000000000005,0.999999999998587
323.100000000005,0.999999999998587
323.200000000005,0.999999999998587
323.300000000005,0.999999999998587
323.400000000005,0.999999999998587
323.500000000005,0.999999999998587
323.600000000005,0.999999999998587
323.700000000005,0.999999999998587
323.800000000005,0.999999999998587
323.900000000005,0.999999999998587
324.000000000005,0.999999999998587
324.100000000005,0.999999999998587
324.200000000005,0.999999999998587
324.300000000005,0.999999999998587
324.400000000005,0.999999999998587
324.500000000005,0.999999999998587
324.600000000005,0.999999999998587
324.700000000005,0.999999999998587
324.800000000005,0.999999999998587
324.900000000005,0.999999999998587
325.000000000005,0.999999999998587
325.100000000005,0.999999999998587
325.200000000005,0.999999999998587
325.300000000005,0.999999999998587
325.400000000005,0.999999999998587
325.500000000006,0.999999999998587
325.600000000006,0.999999999998587
325.700000000006,0.999999999998587
325.800000000006,0.999999999998587
325.900000000006,0.999999999998587
326.000000000006,0.999999999998587
326.100000000006,0.999999999998587
326.200000000006,0.999999999998587
326.300000000006,0.999999999998587
326.400000000006,0.999999999998587
326.500000000006,0.999999999998587
326.600000000006,0.999999999998587
326.700000000006,0.999999999998587
326.800000000006,0.999999999998587
326.900000000006,0.999999999998587
327.000000000006,0.999999999998587
327.100000000006,0.999999999998587
327.200000000006,0.999999999998587
327.300000000006,0.999999999998587
327.400000000006,0.999999999998587
327.500000000006,0.999999999998587
327.600000000006,0.999999999998587
327.700000000006,0.999999999998587
327.800000000006,0.999999999998587
327.900000000006,0.999999999998587
328.000000000006,0.999999999998587
328.100000000006,0.999999999998587
328.200000000006,0.999999999998587
328.300000000006,0.999999999998587
328.400000000006,0.999999999998587
328.500000000006,0.999999999998587
328.600000000006,0.999999999998587
328.700000000006,0.999999999998587
328.800000000006,0.999999999998587
328.900000000006,0.999999999998587
329.000000000006,0.999999999998587
329.100000000006,0.999999999998587
329.200000000006,0.999999999998587
329.300000000006,0.999999999998587
329.400000000006,0.999999999998587
329.500000000006,0.999999999998587
329.600000000006,0.999999999998587
329.700000000006,0.999999999998587
329.800000000006,0.999999999998587
329.900000000007,0.999999999998587
330.000000000007,0.999999999998587
330.100000000007,0.999999999998587
330.200000000007,0.999999999998587
330.300000000007,0.999999999998587
330.400000000007,0.999999999998587
330.500000000007,0.999999999998587
330.600000000007,0.999999999998587
330.700000000007,0.999999999998587
330.800000000007,0.999999999998587
330.900000000007,0.999999999998587
331.000000000007,0.999999999998587
331.100000000007,0.999999999998587
331.200000000007,0.999999999998587
331.300000000007,0.999999999998587
331.400000000007,0.999999999998587
331.500000000007,0.999999999998587
331.600000000007,0.999999999998587
331.700000000007,0.999999999998587
331.800000000007,0.999999999998587
331.900000000007,0.999999999998587
332.000000000007,0.999999999998587
332.100000000007,0.999999999998587
332.200000000007,0.999999999998587
332.300000000007,0.999999999998587
332.400000000007,0.999999999998587
332.500000000007,0.999999999998587
332.600000000007,0.999999999998587
332.700000000007,0.999999999998587
332.800000000007,0.999999999998587
332.900000000007,0.999999999998587
333.000000000007,0.999999999998587
333.100000000007,0.999999999998587
333.200000000007,0.999999999998587
333.300000000007,0.999999999998587
333.400000000007,0.999999999998587
333.500000000007,0.999999999998587
333.600000000007,0.999999999998587
333.700000000007,0.999999999998587
333.800000000007,0.999999999998587
333.900000000007,0.999999999998587
334.000000000007,0.999999999998587
334.100000000007,0.999999999998587
334.200000000007,0.999999999998587
334.300000000008,0.999999999998587
334.400000000008,0.999999999998587
334.500000000008,0.999999999998587
334.600000000008,0.999999999998587
334.700000000008,0.999999999998587
334.800000000008,0.999999999998587
334.900000000008,0.999999999998587
335.000000000008,0.999999999998587
335.100000000008,0.999999999998587
335.200000000008,0.999999999998587
335.300000000008,0.999999999998587
335.400000000008,0.999999999998587
335.500000000008,0.999999999998587
335.600000000008,0.999999999998587
335.700000000008,0.999999999998587
335.800000000008,0.999999999998587
335.900000000008,0.999999999998587
336.000000000008,0.999999999998587
336.100000000008,0.999999999998587
336.200000000008,0.999999999998587
336.300000000008,0.999999999998587
336.400000000008,0.999999999998587
336.500000000008,0.999999999998587
336.600000000008,0.999999999998587
336.700000000008,0.999999999998587
336.800000000008,0.999999999998587
336.900000000008,0.999999999998587
337.000000000008,0.999999999998587
337.100000000008,0.999999999998587
337.200000000008,0.999999999998587
337.300000000008,0.999999999998587
337.400000000008,0.999999999998587
337.500000000008,0.999999999998587
337.600000000008,0.999999999998587
337.700000000008,0.999999999998587
337.800000000008,0.999999999998587
337.900000000008,0.999999999998587
338.000000000008,0.999999999998587
338.100000000008,0.999999999998587
338.200000000008,0.999999999998587
338.300000000008,0.999999999998587
338.400000000008,0.999999999998587
338.500000000008,0.999999999998587
338.600000000008,0.999999999998587
338.700000000009,0.999999999998587
338.800000000009,0.999999999998587
338.900000000009,0.999999999998587
339.000000000009,0.999999999998587
339.100000000009,0.999999999998587
339.200000000009,0.999999999998587
339.300000000009,0.999999999998587
339.400000000009,0.999999999998587
339.500000000009,0.999999999998587
339.600000000009,0.999999999998587
339.700000000009,0.999999999998587
339.800000000009,0.999999999998587
339.900000000009,0.999999999998587
340.000000000009,0.999999999998587
340.100000000009,0.999999999998587
340.200000000009,0.999999999998587
340.300000000009,0.999999999998587
340.400000000009,0.999999999998587
340.500000000009,0.999999999998587
340.600000000009,0.999999999998587
340.700000000009,0.999999999998587
340.800000000009,0.999999999998587
340.900000000009,0.999999999998587
341.000000000009,0.999999999998587
341.100000000009,0.999999999998587
341.200000000009,0.999999999998587
341.300000000009,0.999999999998587
341.400000000009,0.999999999998587
341.500000000009,0.999999999998587
341.600000000009,0.999999999998587
341.700000000009,0.999999999998587
341.800000000009,0.999999999998587
341.900000000009,0.999999999998587
342.000000000009,0.999999999998587
342.100000000009,0.999999999998587
342.200000000009,0.999999999998587
342.300000000009,0.999999999998587
342.400000000009,0.999999999998587
342.500000000009,0.999999999998587
342.600000000009,0.999999999998587
342.700000000009,0.999999999998587
342.800000000009,0.999999999998587
342.900000000009,0.999999999998587
343.000000000009,0.999999999998587
343.10000000001,0.999999999998587
343.20000000001,0.999999999998587
343.30000000001,0.999999999998587
343.40000000001,0.999999999998587
343.50000000001,0.999999999998587
343.60000000001,0.999999999998587
343.70000000001,0.999999999998587
343.80000000001,0.999999999998587
343.90000000001,0.999999999998587
344.00000000001,0.999999999998587
344.10000000001,0.999999999998587
344.20000000001,0.999999999998587
344.30000000001,0.999999999998587
344.40000000001,0.999999999998587
344.50000000001,0.999999999998587
344.60000000001,0.999999999998587
344.70000000001,0.999999999998587
344.80000000001,0.999999999998587
344.90000000001,0.999999999998587
345.00000000001,0.999999999998587
345.10000000001,0.999999999998587
345.20000000001,0.999999999998587
345.30000000001,0.999999999998587
345.40000000001,0.999999999998587
345.50000000001,0.999999999998587
345.60000000001,0.999999999998587
345.70000000001,0.999999999998587
345.80000000001,0.999999999998587
345.90000000001,0.999999999998587
346.00000000001,0.999999999998587
346.10000000001,0.999999999998587
346.20000000001,0.999999999998587
346.30000000001,0.999999999998587
346.40000000001,0.999999999998587
346.50000000001,0.999999999998587
346.60000000001,0.999999999998587
346.70000000001,0.999999999998587
346.80000000001,0.999999999998587
346.90000000001,0.999999999998587
347.00000000001,0.999999999998587
347.10000000001,0.999999999998587
347.20000000001,0.999999999998587
347.30000000001,0.999999999998587
347.40000000001,0.999999999998587
347.500000000011,0.999999999998587
347.600000000011,0.999999999998587
347.700000000011,0.999999999998587
347.800000000011,0.999999999998587
347.900000000011,0.999999999998587
348.000000000011,0.999999999998587
348.100000000011,0.999999999998587
348.200000000011,0.999999999998587
348.300000000011,0.999999999998587
348.400000000011,0.999999999998587
348.500000000011,0.999999999998587
348.600000000011,0.999999999998587
348.700000000011,0.999999999998587
348.800000000011,0.999999999998587
348.900000000011,0.999999999998587
349.000000000011,0.999999999998587
349.100000000011,0.999999999998587
349.200000000011,0.999999999998587
349.300000000011,0.999999999998587
349.400000000011,0.999999999998587
349.500000000011,0.999999999998587
349.600000000011,0.999999999998587
349.700000000011,0.999999999998587
349.800000000011,0.999999999998587
349.900000000011,0.999999999998587
350.000000000011,0.999999999998587
350.100000000011,0.999999999998587
350.200000000011,0.999999999998587
350.300000000011,0.999999999998587
350.400000000011,0.999999999998587
350.500000000011,0.999999999998587
350.600000000011,0.999999999998587
350.700000000011,0.999999999998587
350.800000000011,0.999999999998587
350.900000000011,0.999999999998587
351.000000000011,0.999999999998587
351.100000000011,0.999999999998587
351.200000000011,0.999999999998587
351.300000000011,0.999999999998587
351.400000000011,0.999999999998587
351.500000000011,0.999999999998587
351.600000000011,0.999999999998587
351.700000000011,0.999999999998587
351.800000000011,0.999999999998587
351.900000000012,0.999999999998587
352.000000000012,0.999999999998587
352.100000000012,0.999999999998587
352.200000000012,0.999999999998587
352.300000000012,0.999999999998587
352.400000000012,0.999999999998587
352.500000000012,0.999999999998587
352.600000000012,0.999999999998587
352.700000000012,0.999999999998587
352.800000000012,0.999999999998587
352.900000000012,0.999999999998587
353.000000000012,0.999999999998587
353.100000000012,0.999999999998587
353.200000000012,0.999999999998587
353.300000000012,0.999999999998587
353.400000000012,0.999999999998587
353.500000000012,0.999999999998587
353.600000000012,0.999999999998587
353.700000000012,0.999999999998587
353.800000000012,0.999999999998587
353.900000000012,0.999999999998587
354.000000000012,0.999999999998587
354.100000000012,0.999999999998587
354.200000000012,0.999999999998587
354.300000000012,0.999999999998587
354.400000000012,0.999999999998587
354.500000000012,0.999999999998587
354.600000000012,0.999999999998587
354.700000000012,0.999999999998587
354.800000000012,0.999999999998587
354.900000000012,0.999999999998587
355.000000000012,0.999999999998587
355.100000000012,0.999999999998587
355.200000000012,0.999999999998587
355.300000000012,0.999999999998587
355.400000000012,0.999999999998587
355.500000000012,0.999999999998587
355.600000000012,0.999999999998587
355.700000000012,0.999999999998587
355.800000000012,0.999999999998587
355.900000000012,0.999999999998587
356.000000000012,0.999999999998587
356.100000000012,0.999999999998587
356.200000000012,0.999999999998587
356.300000000013,0.999999999998587
356.400000000013,0.999999999998587
356.500000000013,0.999999999998587
356.600000000013,0.999999999998587
356.700000000013,0.999999999998587
356.800000000013,0.999999999998587
356.900000000013,0.999999999998587
357.000000000013,0.999999999998587
357.100000000013,0.999999999998587
357.200000000013,0.999999999998587
357.300000000013,0.999999999998587
357.400000000013,0.999999999998587
357.500000000013,0.999999999998587
357.600000000013,0.999999999998587
357.700000000013,0.999999999998587
357.800000000013,0.999999999998587
357.900000000013,0.999999999998587
358.000000000013,0.999999999998587
358.100000000013,0.999999999998587
358.200000000013,0.999999999998587
358.300000000013,0.999999999998587
358.400000000013,0.999999999998587
358.500000000013,0.999999999998587
358.600000000013,0.999999999998587
358.700000000013,0.999999999998587
358.800000000013,0.999999999998587
358.900000000013,0.999999999998587
359.000000000013,0.999999999998587
359.100000000013,0.999999999998587
359.200000000013,0.999999999998587
359.300000000013,0.999999999998587
359.400000000013,0.999999999998587
359.500000000013,0.999999999998587
359.600000000013,0.999999999998587
359.700000000013,0.999999999998587
359.800000000013,0.999999999998587
359.900000000013,0.999999999998587
360.000000000013,0.999999999998587
360.100000000013,0.999999999998587
360.200000000013,0.999999999998587
360.300000000013,0.999999999998587
360.400000000013,0.999999999998587
360.500000000013,0.999999999998587
360.600000000013,0.999999999998587
360.700000000014,0.999999999998587
360.800000000014,0.999999999998587
360.900000000014,0.999999999998587
361.000000000014,0.999999999998587
361.100000000014,0.999999999998587
361.200000000014,0.999999999998587
361.300000000014,0.999999999998587
361.400000000014,0.999999999998587
361.500000000014,0.999999999998587
361.600000000014,0.999999999998587
361.700000000014,0.999999999998587
361.800000000014,0.999999999998587
361.900000000014,0.999999999998587
362.000000000014,0.999999999998587
362.100000000014,0.999999999998587
362.200000000014,0.999999999998587
362.300000000014,0.999999999998587
362.400000000014,0.999999999998587
362.500000000014,0.999999999998587
362.600000000014,0.999999999998587
362.700000000014,0.999999999998587
362.800000000014,0.999999999998587
362.900000000014,0.999999999998587
363.000000000014,0.999999999998587
363.100000000014,0.999999999998587
363.200000000014,0.999999999998587
363.300000000014,0.999999999998587
363.400000000014,0.999999999998587
363.500000000014,0.999999999998587
363.600000000014,0.999999999998587
363.700000000014,0.999999999998587
363.800000000014,0.999999999998587
363.900000000014,0.999999999998587
364.000000000014,0.999999999998587
364.100000000014,0.999999999998587
364.200000000014,0.999999999998587
364.300000000014,0.999999999998587
364.400000000014,0.999999999998587
364.500000000014,0.999999999998587
364.600000000014,0.999999999998587
364.700000000014,0.999999999998587
364.800000000014,0.999999999998587
364.900000000014,0.999999999998587
365.000000000014,0.999999999998587
365.100000000015,0.999999999998587
365.200000000015,0.999999999998587
365.300000000015,0.999999999998587
365.400000000015,0.999999999998587
365.500000000015,0.999999999998587
365.600000000015,0.999999999998587
365.700000000015,0.999999999998587
365.800000000015,0.999999999998587
365.900000000015,0.999999999998587
366.000000000015,0.999999999998587
366.100000000015,0.999999999998587
366.200000000015,0.999999999998587
366.300000000015,0.999999999998587
366.400000000015,0.999999999998587
366.500000000015,0.999999999998587
366.600000000015,0.999999999998587
366.700000000015,0.999999999998587
366.800000000015,0.999999999998587
366.900000000015,0.999999999998587
367.000000000015,0.999999999998587
367.100000000015,0.999999999998587
367.200000000015,0.999999999998587
367.300000000015,0.999999999998587
367.400000000015,0.999999999998587
367.500000000015,0.999999999998587
367.600000000015,0.999999999998587
367.700000000015,0.999999999998587
367.800000000015,0.999999999998587
367.900000000015,0.999999999998587
368.000000000015,0.999999999998587
368.100000000015,0.999999999998587
368.200000000015,0.999999999998587
368.300000000015,0.999999999998587
368.400000000015,0.999999999998587
368.500000000015,0.999999999998587
368.600000000015,0.999999999998587
368.700000000015,0.999999999998587
368.800000000015,0.999999999998587
368.900000000015,0.999999999998587
369.000000000015,0.999999999998587
369.100000000015,0.999999999998587
369.200000000015,0.999999999998587
369.300000000015,0.999999999998587
369.400000000015,0.999999999998587
369.500000000016,0.999999999998587
369.600000000016,0.999999999998587
369.700000000016,0.999999999998587
369.800000000016,0.999999999998587
369.900000000016,0.999999999998587
370.000000000016,0.999999999998587
370.100000000016,0.999999999998587
370.200000000016,0.999999999998587
370.300000000016,0.999999999998587
370.400000000016,0.999999999998587
370.500000000016,0.999999999998587
370.600000000016,0.999999999998587
370.700000000016,0.999999999998587
370.800000000016,0.999999999998587
370.900000000016,0.999999999998587
371.000000000016,0.999999999998587
371.100000000016,0.999999999998587
371.200000000016,0.999999999998587
371.300000000016,0.999999999998587
371.400000000016,0.999999999998587
371.500000000016,0.999999999998587
371.600000000016,0.999999999998587
371.700000000016,0.999999999998587
371.800000000016,0.999999999998587
371.900000000016,0.999999999998587
372.000000000016,0.999999999998587
372.100000000016,0.999999999998587
372.200000000016,0.999999999998587
372.300000000016,0.999999999998587
372.400000000016,0.999999999998587
372.500000000016,0.999999999998587
372.600000000016,0.999999999998587
372.700000000016,0.999999999998587
372.800000000016,0.999999999998587
372.900000000016,0.999999999998587
373.000000000016,0.999999999998587
373.100000000016,0.999999999998587
373.200000000016,0.999999999998587
373.300000000016,0.999999999998587
373.400000000016,0.999999999998587
373.500000000016,0.999999999998587
373.600000000016,0.999999999998587
373.700000000016,0.999999999998587
373.800000000016,0.999999999998587
373.900000000017,0.999999999998587
374.000000000017,0.999999999998587
374.100000000017,0.999999999998587
374.200000000017,0.999999999998587
374.300000000017,0.999999999998587
374.400000000017,0.999999999998587
374.500000000017,0.999999999998587
374.600000000017,0.999999999998587
374.700000000017,0.999999999998587
374.800000000017,0.999999999998587
374.900000000017,0.999999999998587
375.000000000017,0.999999999998587
375.100000000017,0.999999999998587
375.200000000017,0.999999999998587
375.300000000017,0.999999999998587
375.400000000017,0.999999999998587
375.500000000017,0.999999999998587
375.600000000017,0.999999999998587
375.700000000017,0.999999999998587
375.800000000017,0.999999999998587
375.900000000017,0.999999999998587
376.000000000017,0.999999999998587
376.100000000017,0.999999999998587
376.200000000017,0.999999999998587
376.300000000017,0.999999999998587
376.400000000017,0.999999999998587
376.500000000017,0.999999999998587
376.600000000017,0.999999999998587
376.700000000017,0.999999999998587
376.800000000017,0.999999999998587
376.900000000017,0.999999999998587
377.000000000017,0.999999999998587
377.100000000017,0.999999999998587
377.200000000017,0.999999999998587
377.300000000017,0.999999999998587
377.400000000017,0.999999999998587
377.500000000017,0.999999999998587
377.600000000017,0.999999999998587
377.700000000017,0.999999999998587
377.800000000017,0.999999999998587
377.900000000017,0.999999999998587
378.000000000017,0.999999999998587
378.100000000017,0.999999999998587
378.200000000017,0.999999999998587
378.300000000018,0.999999999998587
378.400000000018,0.999999999998587
378.500000000018,0.999999999998587
378.600000000018,0.999999999998587
378.700000000018,0.999999999998587
378.800000000018,0.999999999998587
378.900000000018,0.999999999998587
379.000000000018,0.999999999998587
379.100000000018,0.999999999998587
379.200000000018,0.999999999998587
379.300000000018,0.999999999998587
379.400000000018,0.999999999998587
379.500000000018,0.999999999998587
379.600000000018,0.999999999998587
379.700000000018,0.999999999998587
379.800000000018,0.999999999998587
379.900000000018,0.999999999998587
380.000000000018,0.999999999998587
380.100000000018,0.999999999998587
380.200000000018,0.999999999998587
380.300000000018,0.999999999998587
380.400000000018,0.999999999998587
380.500000000018,0.999999999998587
380.600000000018,0.999999999998587
380.700000000018,0.999999999998587
380.800000000018,0.999999999998587
380.900000000018,0.999999999998587
381.000000000018,0.999999999998587
381.100000000018,0.999999999998587
381.200000000018,0.999999999998587
381.300000000018,0.999999999998587
381.400000000018,0.999999999998587
381.500000000018,0.999999999998587
381.600000000018,0.999999999998587
381.700000000018,0.999999999998587
381.800000000018,0.999999999998587
381.900000000018,0.999999999998587
382.000000000018,0.999999999998587
382.100000000018,0.999999999998587
382.200000000018,0.999999999998587
382.300000000018,0.999999999998587
382.400000000018,0.999999999998587
382.500000000018,0.999999999998587
382.600000000018,0.999999999998587
382.700000000019,0.999999999998587
382.800000000019,0.999999999998587
382.900000000019,0.999999999998587
383.000000000019,0.999999999998587
383.100000000019,0.999999999998587
383.200000000019,0.999999999998587
383.300000000019,0.999999999998587
383.400000000019,0.999999999998587
383.500000000019,0.999999999998587
383.600000000019,0.999999999998587
383.700000000019,0.999999999998587
383.800000000019,0.999999999998587
383.900000000019,0.999999999998587
384.000000000019,0.999999999998587
384.100000000019,0.999999999998587
384.200000000019,0.999999999998587
384.300000000019,0.999999999998587
384.400000000019,0.999999999998587
384.500000000019,0.999999999998587
384.600000000019,0.999999999998587
384.700000000019,0.999999999998587
384.800000000019,0.999999999998587
384.900000000019,0.999999999998587
385.000000000019,0.999999999998587
385.100000000019,0.999999999998587
385.200000000019,0.999999999998587
385.300000000019,0.999999999998587
385.400000000019,0.999999999998587
385.500000000019,0.999999999998587
385.600000000019,0.999999999998587
385.700000000019,0.999999999998587
385.800000000019,0.999999999998587
385.900000000019,0.999999999998587
386.000000000019,0.999999999998587
386.100000000019,0.999999999998587
386.200000000019,0.999999999998587
386.300000000019,0.999999999998587
386.400000000019,0.999999999998587
386.500000000019,0.999999999998587
386.600000000019,0.999999999998587
386.700000000019,0.999999999998587
386.800000000019,0.999999999998587
386.900000000019,0.999999999998587
387.000000000019,0.999999999998587
387.10000000002,0.999999999998587
387.20000000002,0.999999999998587
387.30000000002,0.999999999998587
387.40000000002,0.999999999998587
387.50000000002,0.999999999998587
387.60000000002,0.999999999998587
387.70000000002,0.999999999998587
387.80000000002,0.999999999998587
387.90000000002,0.999999999998587
388.00000000002,0.999999999998587
388.10000000002,0.999999999998587
388.20000000002,0.999999999998587
388.30000000002,0.999999999998587
388.40000000002,0.999999999998587
388.50000000002,0.999999999998587
388.60000000002,0.999999999998587
388.70000000002,0.999999999998587
388.80000000002,0.999999999998587
388.90000000002,0.999999999998587
389.00000000002,0.999999999998587
389.10000000002,0.999999999998587
389.20000000002,0.999999999998587
389.30000000002,0.999999999998587
389.40000000002,0.999999999998587
389.50000000002,0.999999999998587
389.60000000002,0.999999999998587
389.70000000002,0.999999999998587
389.80000000002,0.999999999998587
389.90000000002,0.999999999998587
390.00000000002,0.999999999998587
390.10000000002,0.999999999998587
390.20000000002,0.999999999998587
390.30000000002,0.999999999998587
390.40000000002,0.999999999998587
390.50000000002,0.999999999998587
390.60000000002,0.999999999998587
390.70000000002,0.999999999998587
390.80000000002,0.999999999998587
390.90000000002,0.999999999998587
391.00000000002,0.999999999998587
391.10000000002,0.999999999998587
391.20000000002,0.999999999998587
391.30000000002,0.999999999998587
391.40000000002,0.999999999998587
391.500000000021,0.999999999998587
391.600000000021,0.999999999998587
391.700000000021,0.999999999998587
391.800000000021,0.999999999998587
391.900000000021,0.999999999998587
392.000000000021,0.999999999998587
392.100000000021,0.999999999998587
392.200000000021,0.999999999998587
392.300000000021,0.999999999998587
392.400000000021,0.999999999998587
392.500000000021,0.999999999998587
392.600000000021,0.999999999998587
392.700000000021,0.999999999998587
392.800000000021,0.999999999998587
392.900000000021,0.999999999998587
393.000000000021,0.999999999998587
393.100000000021,0.999999999998587
393.200000000021,0.999999999998587
393.300000000021,0.999999999998587
393.400000000021,0.999999999998587
393.500000000021,0.999999999998587
393.600000000021,0.999999999998587
393.700000000021,0.999999999998587
393.800000000021,0.999999999998587
393.900000000021,0.999999999998587
394.000000000021,0.999999999998587
394.100000000021,0.999999999998587
394.200000000021,0.999999999998587
394.300000000021,0.999999999998587
394.400000000021,0.999999999998587
394.500000000021,0.999999999998587
394.600000000021,0.999999999998587
394.700000000021,0.999999999998587
394.800000000021,0.999999999998587
394.900000000021,0.999999999998587
395.000000000021,0.999999999998587
395.100000000021,0.999999999998587
395.200000000021,0.999999999998587
395.300000000021,0.999999999998587
395.400000000021,0.999999999998587
395.500000000021,0.999999999998587
395.600000000021,0.999999999998587
395.700000000021,0.999999999998587
395.800000000021,0.999999999998587
395.900000000022,0.999999999998587
396.000000000022,0.999999999998587
396.100000000022,0.999999999998587
396.200000000022,0.999999999998587
396.300000000022,0.999999999998587
396.400000000022,0.999999999998587
396.500000000022,0.999999999998587
396.600000000022,0.999999999998587
396.700000000022,0.999999999998587
396.800000000022,0.999999999998587
396.900000000022,0.999999999998587
397.000000000022,0.999999999998587
397.100000000022,0.999999999998587
397.200000000022,0.999999999998587
397.300000000022,0.999999999998587
397.400000000022,0.999999999998587
397.500000000022,0.999999999998587
397.600000000022,0.999999999998587
397.700000000022,0.999999999998587
397.800000000022,0.999999999998587
397.900000000022,0.999999999998587
398.000000000022,0.999999999998587
398.100000000022,0.999999999998587
398.200000000022,0.999999999998587
398.300000000022,0.999999999998587
398.400000000022,0.999999999998587
398.500000000022,0.999999999998587
398.600000000022,0.999999999998587
398.700000000022,0.999999999998587
398.800000000022,0.999999999998587
398.900000000022,0.999999999998587
399.000000000022,0.999999999998587
399.100000000022,0.999999999998587
399.200000000022,0.999999999998587
399.300000000022,0.999999999998587
399.400000000022,0.999999999998587
399.500000000022,0.999999999998587
399.600000000022,0.999999999998587
399.700000000022,0.999999999998587
399.800000000022,0.999999999998587
399.900000000022,0.999999999998587
400.000000000022,0.999999999998587
