0,0
0.1,5.99300932148624e-13
0.2,7.95231943695341e-09
0.3,1.2724763548868e-06
0.4,3.4904176881541e-05
0.5,0.000376024513871216
0.6,0.00225502609588216
0.7,0.00900055772754226
0.8,0.026592187216696
0.9,0.0623823442224847
1,0.122095949932746
1.1,0.206832803062967
1.2,0.311951997483927
1.3,0.428388637965929
1.4,0.545477152030115
1.5,0.653800778009126
1.6,0.746995417784522
1.7,0.822219198981323
1.8,0.879604738061825
1.9,0.921234700444019
2,0.950103519297561
2.1,0.969325741786545
2.2,0.981662238191548
2.3,0.989318792892226
2.4,0.99392754347722
2.5,0.996624920166612
2.6,0.998163352846697
2.7,0.999020100905241
2.8,0.999486792708945
2.9,0.99973584644828
3,0.999866239684657
3.1,0.99993330044833
3.2,0.999967218627915
3.3,0.999984107467014
3.4,0.999992394172921
3.5,0.999996404265295
3.6,0.999998319669914
3.7,0.999999223351081
3.8,0.999999644764013
3.9,0.999999839123163
4,0.99999992782911
4.1,0.999999967913822
4.2,0.999999985856784
4.3,0.999999993816449
4.4,0.999999997317215
4.5,0.999999998844319
4.6,0.999999999505273
4.7,0.999999999789206
4.8,0.999999999910307
4.9,0.999999999961603
5,0.999999999983189
5.1,0.999999999992215
5.2,0.999999999995966
5.3,0.999999999997516
5.4,0.999999999998153
5.5,0.999999999998413
5.6,0.999999999998519
5.7,0.999999999998562
5.8,0.999999999998579
5.9,0.999999999998586
5.99999999999999,0.999999999998589
6.09999999999999,0.99999999999859
6.19999999999999,0.99999999999859
6.29999999999999,0.999999999998591
6.39999999999999,0.999999999998591
6.49999999999999,0.999999999998591
6.59999999999999,0.999999999998591
6.69999999999999,0.999999999998591
6.79999999999999,0.999999999998591
6.89999999999999,0.999999999998591
6.99999999999999,0.999999999998591
7.09999999999999,0.999999999998591
7.19999999999999,0.999999999998591
7.29999999999999,0.999999999998591
7.39999999999999,0.999999999998591
7.49999999999999,0.999999999998591
7.59999999999999,0.999999999998591
7.69999999999999,0.999999999998591
7.79999999999999,0.999999999998591
7.89999999999999,0.999999999998591
7.99999999999999,0.999999999998591
8.09999999999999,0.999999999998591
8.19999999999999,0.999999999998591
8.29999999999999,0.999999999998591
8.39999999999999,0.999999999998591
8.49999999999999,0.999999999998591
8.59999999999999,0.999999999998591
8.69999999999999,0.999999999998591
8.79999999999998,0.999999999998591
8.89999999999998,0.999999999998591
8.99999999999998,0.999999999998591
9.09999999999998,0.999999999998591
9.19999999999998,0.999999999998591
9.29999999999998,0.999999999998591
9.39999999999998,0.999999999998591
9.49999999999998,0.999999999998591
9.59999999999998,0.999999999998591
9.69999999999998,0.999999999998591
9.79999999999998,0.999999999998591
9.89999999999998,0.999999999998591
9.99999999999998,0.999999999998591
10.1,0.999999999998591
10.2,0.999999999998591
10.3,0.999999999998591
10.4,0.999999999998591
10.5,0.999999999998591
10.6,0.999999999998591
10.7,0.999999999998591
10.8,0.999999999998591
10.9,0.999999999998591
11,0.999999999998591
11.1,0.999999999998591
11.2,0.999999999998591
11.3,0.999999999998591
11.4,0.999999999998591
11.5,0.999999999998591
11.6,0.999999999998591
11.7,0.999999999998591
11.8,0.999999999998591
11.9,0.999999999998591
12,0.999999999998591
12.1,0.999999999998591
12.2,0.999999999998591
12.3,0.999999999998591
12.4,0.999999999998591
12.5,0.999999999998591
12.6,0.999999999998591
12.7,0.999999999998591
12.8,0.999999999998591
12.9,0.999999999998591
13,0.999999999998591
13.1,0.999999999998591
13.2,0.999999999998591
13.3,0.999999999998591
13.4,0.999999999998591
13.5,0.999999999998591
13.6,0.999999999998591
13.7,0.999999999998591
13.8,0.999999999998591
13.9,0.999999999998591
14,0.999999999998591
14.1,0.999999999998591
14.2,0.999999999998591
14.3,0.999999999998591
14.4,0.999999999998591
14.5,0.999999999998591
14.6,0.999999999998591
14.7,0.999999999998591
14.8,0.999999999998591
14.9,0.999999999998591
15,0.999999999998591
15.1,0.999999999998591
15.2,0.999999999998591
15.3,0.999999999998591
15.4,0.999999999998591
15.5,0.999999999998591
15.6,0.999999999998591
15.7,0.999999999998591
15.8,0.999999999998591
15.9,0.999999999998591
16,0.999999999998591
16.1,0.999999999998591
16.2,0.999999999998591
16.3,0.999999999998591
16.4,0.999999999998591
16.5,0.999999999998591
16.6,0.999999999998591
16.7,0.999999999998591
16.8,0.999999999998591
16.9,0.999999999998591
17,0.999999999998591
17.1,0.999999999998591
17.2,0.999999999998591
17.3,0.999999999998591
17.4,0.999999999998591
17.5,0.999999999998591
17.6,0.999999999998591
17.7,0.999999999998591
17.8,0.999999999998591
17.9,0.999999999998591
18,0.999999999998591
18.1,0.999999999998591
18.2,0.999999999998591
18.3,0.999999999998591
18.4,0.999999999998591
18.5,0.999999999998591
18.6,0.999999999998591
18.7,0.999999999998591
18.8,0.999999999998591
18.9,0.999999999998591
19,0.999999999998591
19.1,0.999999999998591
19.2,0.999999999998591
19.3,0.999999999998591
19.4,0.999999999998591
19.5,0.999999999998591
19.6,0.999999999998591
19.7,0.999999999998591
19.8,0.999999999998591
19.9,0.999999999998591
20,0.999999999998591
20.1,0.999999999998591
20.2,0.999999999998591
20.3,0.999999999998591
20.4,0.999999999998591
20.5,0.999999999998591
20.6,0.999999999998591
20.7,0.999999999998591
20.8,0.999999999998591
20.9,0.999999999998591
21,0.999999999998591
21.1,0.999999999998591
21.2,0.999999999998591
21.3,0.999999999998591
21.4,0.999999999998591
21.5,0.999999999998591
21.6,0.999999999998591
21.7,0.999999999998591
21.8,0.999999999998591
21.9,0.999999999998591
22,0.999999999998591
22.1,0.999999999998591
22.2,0.999999999998591
22.3,0.999999999998591
22.4,0.999999999998591
22.5,0.999999999998591
22.6000000000001,0.999999999998591
22.7000000000001,0.999999999998591
22.8000000000001,0.999999999998591
22.9000000000001,0.999999999998591
23.0000000000001,0.999999999998591
23.1000000000001,0.999999999998591
23.2000000000001,0.999999999998591
23.3000000000001,0.999999999998591
23.4000000000001,0.999999999998591
23.5000000000001,0.999999999998591
23.6000000000001,0.999999999998591
23.7000000000001,0.999999999998591
23.8000000000001,0.999999999998591
23.9000000000001,0.999999999998591
24.0000000000001,0.999999999998591
24.1000000000001,0.999999999998591
24.2000000000001,0.999999999998591
24.3000000000001,0.999999999998591
24.4000000000001,0.999999999998591
24.5000000000001,0.999999999998591
24.6000000000001,0.999999999998591
24.7000000000001,0.999999999998591
24.8000000000001,0.999999999998591
24.9000000000001,0.999999999998591
25.0000000000001,0.999999999998591
25.1000000000001,0.999999999998591
25.2000000000001,0.999999999998591
25.3000000000001,0.999999999998591
25.4000000000001,0.999999999998591
25.5000000000001,0.999999999998591
25.6000000000001,0.999999999998591
25.7000000000001,0.999999999998591
25.8000000000001,0.999999999998591
25.9000000000001,0.999999999998591
26.0000000000001,0.999999999998591
26.1000000000001,0.999999999998591
26.2000000000001,0.999999999998591
26.3000000000001,0.999999999998591
26.4000000000001,0.999999999998591
26.5000000000001,0.999999999998591
26.6000000000001,0.999999999998591
26.7000000000001,0.999999999998591
26.8000000000001,0.999999999998591
26.9000000000001,0.999999999998591
27.0000000000001,0.999999999998591
27.1000000000001,0.999999999998591
27.2000000000001,0.999999999998591
27.3000000000001,0.999999999998591
27.4000000000001,0.999999999998591
27.5000000000001,0.999999999998591
27.6000000000001,0.999999999998591
27.7000000000001,0.999999999998591
27.8000000000001,0.999999999998591
27.9000000000001,0.999999999998591
28.0000000000001,0.999999999998591
28.1000000000001,0.999999999998591
28.2000000000001,0.999999999998591
28.3000000000001,0.999999999998591
28.4000000000001,0.999999999998591
28.5000000000001,0.999999999998591
28.6000000000001,0.999999999998591
28.7000000000001,0.999999999998591
28.8000000000001,0.999999999998591
28.9000000000001,0.999999999998591
29.0000000000001,0.999999999998591
29.1000000000001,0.999999999998591
29.2000000000001,0.999999999998591
29.3000000000001,0.999999999998591
29.4000000000001,0.999999999998591
29.5000000000001,0.999999999998591
29.6000000000002,0.999999999998591
29.7000000000002,0.999999999998591
29.8000000000002,0.999999999998591
29.9000000000002,0.999999999998591
30.0000000000002,0.999999999998591
30.1000000000002,0.999999999998591
30.2000000000002,0.999999999998591
30.3000000000002,0.999999999998591
30.4000000000002,0.999999999998591
30.5000000000002,0.999999999998591
30.6000000000002,0.999999999998591
30.7000000000002,0.999999999998591
30.8000000000002,0.999999999998591
30.9000000000002,0.999999999998591
31.0000000000002,0.999999999998591
31.1000000000002,0.999999999998591
31.2000000000002,0.999999999998591
31.3000000000002,0.999999999998591
31.4000000000002,0.999999999998591
31.5000000000002,0.999999999998591
31.6000000000002,0.999999999998591
31.7000000000002,0.999999999998591
31.8000000000002,0.999999999998591
31.9000000000002,0.999999999998591
32.0000000000002,0.999999999998591
32.1000000000002,0.999999999998591
32.2000000000002,0.999999999998591
32.3000000000002,0.999999999998591
32.4000000000002,0.999999999998591
32.5000000000002,0.999999999998591
32.6000000000002,0.999999999998591
32.7000000000002,0.999999999998591
32.8000000000002,0.999999999998591
32.9000000000002,0.999999999998591
33.0000000000002,0.999999999998591
33.1000000000002,0.999999999998591
33.2000000000002,0.999999999998591
33.3000000000002,0.999999999998591
33.4000000000002,0.999999999998591
33.5000000000002,0.999999999998591
33.6000000000002,0.999999999998591
33.7000000000002,0.999999999998591
33.8000000000002,0.999999999998591
33.9000000000002,0.999999999998591
34.0000000000002,0.999999999998591
34.1000000000002,0.999999999998591
34.2000000000002,0.999999999998591
34.3000000000002,0.999999999998591
34.4000000000002,0.999999999998591
34.5000000000002,0.999999999998591
34.6000000000002,0.999999999998591
34.7000000000002,0.999999999998591
34.8000000000002,0.999999999998591
34.9000000000002,0.999999999998591
35.0000000000002,0.999999999998591
35.1000000000002,0.999999999998591
35.2000000000002,0.999999999998591
35.3000000000002,0.999999999998591
35.4000000000002,0.999999999998591
35.5000000000002,0.999999999998591
35.6000000000002,0.999999999998591
35.7000000000002,0.999999999998591
35.8000000000002,0.999999999998591
35.9000000000002,0.999999999998591
36.0000000000002,0.999999999998591
36.1000000000002,0.999999999998591
36.2000000000002,0.999999999998591
36.3000000000002,0.999999999998591
36.4000000000002,0.999999999998591
36.5000000000002,0.999999999998591
36.6000000000003,0.999999999998591
36.7000000000003,0.999999999998591
36.8000000000003,0.999999999998591
36.9000000000003,0.999999999998591
37.0000000000003,0.999999999998591
37.1000000000003,0.999999999998591
37.2000000000003,0.999999999998591
37.3000000000003,0.999999999998591
37.4000000000003,0.999999999998591
37.5000000000003,0.999999999998591
37.6000000000003,0.999999999998591
37.7000000000003,0.999999999998591
37.8000000000003,0.999999999998591
37.9000000000003,0.999999999998591
38.0000000000003,0.999999999998591
38.1000000000003,0.999999999998591
38.2000000000003,0.999999999998591
38.3000000000003,0.999999999998591
38.4000000000003,0.999999999998591
38.5000000000003,0.999999999998591
38.6000000000003,0.999999999998591
38.7000000000003,0.999999999998591
38.8000000000003,0.999999999998591
38.9000000000003,0.999999999998591
39.0000000000003,0.999999999998591
39.1000000000003,0.999999999998591
39.2000000000003,0.999999999998591
39.3000000000003,0.999999999998591
39.4000000000003,0.999999999998591
39.5000000000003,0.999999999998591
39.6000000000003,0.999999999998591
39.7000000000003,0.999999999998591
39.8000000000003,0.999999999998591
39.9000000000003,0.999999999998591
40.0000000000003,0.999999999998591
40.1000000000003,0.999999999998591
40.2000000000003,0.999999999998591
40.3000000000003,0.999999999998591
40.4000000000003,0.999999999998591
40.5000000000003,0.999999999998591
40.6000000000003,0.999999999998591
40.7000000000003,0.999999999998591
40.8000000000003,0.999999999998591
40.9000000000003,0.999999999998591
41.0000000000003,0.999999999998591
41.1000000000003,0.999999999998591
41.2000000000003,0.999999999998591
41.3000000000003,0.999999999998591
41.4000000000003,0.999999999998591
41.5000000000003,0.999999999998591
41.6000000000003,0.999999999998591
41.7000000000003,0.999999999998591
41.8000000000003,0.999999999998591
41.9000000000003,0.999999999998591
42.0000000000003,0.999999999998591
42.1000000000003,0.999999999998591
42.2000000000003,0.999999999998591
42.3000000000003,0.999999999998591
42.4000000000003,0.999999999998591
42.5000000000003,0.999999999998591
42.6000000000003,0.999999999998591
42.7000000000003,0.999999999998591
42.8000000000003,0.999999999998591
42.9000000000003,0.999999999998591
43.0000000000003,0.999999999998591
43.1000000000003,0.999999999998591
43.2000000000003,0.999999999998591
43.3000000000003,0.999999999998591
43.4000000000003,0.999999999998591
43.5000000000003,0.999999999998591
43.6000000000003,0.999999999998591
43.7000000000004,0.999999999998591
43.8000000000004,0.999999999998591
43.9000000000004,0.999999999998591
44.0000000000004,0.999999999998591
44.1000000000004,0.999999999998591
44.2000000000004,0.999999999998591
44.3000000000004,0.999999999998591
44.4000000000004,0.999999999998591
44.5000000000004,0.999999999998591
44.6000000000004,0.999999999998591
44.7000000000004,0.999999999998591
44.8000000000004,0.999999999998591
44.9000000000004,0.999999999998591
45.0000000000004,0.999999999998591
45.1000000000004,0.999999999998591
45.2000000000004,0.999999999998591
45.3000000000004,0.999999999998591
45.4000000000004,0.999999999998591
45.5000000000004,0.999999999998591
45.6000000000004,0.999999999998591
45.7000000000004,0.999999999998591
45.8000000000004,0.999999999998591
45.9000000000004,0.999999999998591
46.0000000000004,0.999999999998591
46.1000000000004,0.999999999998591
46.2000000000004,0.999999999998591
46.3000000000004,0.999999999998591
46.4000000000004,0.999999999998591
46.5000000000004,0.999999999998591
46.6000000000004,0.999999999998591
46.7000000000004,0.999999999998591
46.8000000000004,0.999999999998591
46.9000000000004,0.999999999998591
47.0000000000004,0.999999999998591
47.1000000000004,0.999999999998591
47.2000000000004,0.999999999998591
47.3000000000004,0.999999999998591
47.4000000000004,0.999999999998591
47.5000000000004,0.999999999998591
47.6000000000004,0.999999999998591
47.7000000000004,0.999999999998591
47.8000000000004,0.999999999998591
47.9000000000004,0.999999999998591
48.0000000000004,0.999999999998591
48.1000000000004,0.999999999998591
48.2000000000004,0.999999999998591
48.3000000000004,0.999999999998591
48.4000000000004,0.999999999998591
48.5000000000004,0.999999999998591
48.6000000000004,0.999999999998591
48.7000000000004,0.999999999998591
48.8000000000004,0.999999999998591
48.9000000000004,0.999999999998591
49.0000000000004,0.999999999998591
49.1000000000004,0.999999999998591
49.2000000000004,0.999999999998591
49.3000000000004,0.999999999998591
49.4000000000004,0.999999999998591
49.5000000000004,0.999999999998591
49.6000000000004,0.999999999998591
49.7000000000004,0.999999999998591
49.8000000000004,0.999999999998591
49.9000000000004,0.999999999998591
50.0000000000004,0.999999999998591
50.1000000000004,0.999999999998591
50.2000000000004,0.999999999998591
50.3000000000004,0.999999999998591
50.4000000000004,0.999999999998591
50.5000000000004,0.999999999998591
50.6000000000004,0.999999999998591
50.7000000000005,0.999999999998591
50.8000000000005,0.999999999998591
50.9000000000005,0.999999999998591
51.0000000000005,0.999999999998591
51.1000000000005,0.999999999998591
51.2000000000005,0.999999999998591
51.3000000000005,0.999999999998591
51.4000000000005,0.999999999998591
51.5000000000005,0.999999999998591
51.6000000000005,0.999999999998591
51.7000000000005,0.999999999998591
51.8000000000005,0.999999999998591
51.9000000000005,0.999999999998591
52.0000000000005,0.999999999998591
52.1000000000005,0.999999999998591
52.2000000000005,0.999999999998591
52.3000000000005,0.999999999998591
52.4000000000005,0.999999999998591
52.5000000000005,0.999999999998591
52.6000000000005,0.999999999998591
52.7000000000005,0.999999999998591
52.8000000000005,0.999999999998591
52.9000000000005,0.999999999998591
53.0000000000005,0.999999999998591
53.1000000000005,0.999999999998591
53.2000000000005,0.999999999998591
53.3000000000005,0.999999999998591
53.4000000000005,0.999999999998591
53.5000000000005,0.999999999998591
53.6000000000005,0.999999999998591
53.7000000000005,0.999999999998591
53.8000000000005,0.999999999998591
53.9000000000005,0.999999999998591
54.0000000000005,0.999999999998591
54.1000000000005,0.999999999998591
54.2000000000005,0.999999999998591
54.3000000000005,0.999999999998591
54.4000000000005,0.999999999998591
54.5000000000005,0.999999999998591
54.6000000000005,0.999999999998591
54.7000000000005,0.999999999998591
54.8000000000005,0.999999999998591
54.9000000000005,0.999999999998591
55.0000000000005,0.999999999998591
55.1000000000005,0.999999999998591
55.2000000000005,0.999999999998591
55.3000000000005,0.999999999998591
55.4000000000005,0.999999999998591
55.5000000000005,0.999999999998591
55.6000000000005,0.999999999998591
55.7000000000005,0.999999999998591
55.8000000000005,0.999999999998591
55.9000000000005,0.999999999998591
56.0000000000005,0.999999999998591
56.1000000000005,0.999999999998591
56.2000000000005,0.999999999998591
56.3000000000005,0.999999999998591
56.4000000000005,0.999999999998591
56.5000000000005,0.999999999998591
56.6000000000005,0.999999999998591
56.7000000000005,0.999999999998591
56.8000000000005,0.999999999998591
56.9000000000005,0.999999999998591
57.0000000000005,0.999999999998591
57.1000000000005,0.999999999998591
57.2000000000005,0.999999999998591
57.3000000000005,0.999999999998591
57.4000000000005,0.999999999998591
57.5000000000005,0.999999999998591
57.6000000000005,0.999999999998591
57.7000000000005,0.999999999998591
57.8000000000006,0.999999999998591
57.9000000000006,0.999999999998591
58.0000000000006,0.999999999998591
58.1000000000006,0.999999999998591
58.2000000000006,0.999999999998591
58.3000000000006,0.999999999998591
58.4000000000006,0.999999999998591
58.5000000000006,0.999999999998591
58.6000000000006,0.999999999998591
58.7000000000006,0.999999999998591
58.8000000000006,0.999999999998591
58.9000000000006,0.999999999998591
59.0000000000006,0.999999999998591
59.1000000000006,0.999999999998591
59.2000000000006,0.999999999998591
59.3000000000006,0.999999999998591
59.4000000000006,0.999999999998591
59.5000000000006,0.999999999998591
59.6000000000006,0.999999999998591
59.7000000000006,0.999999999998591
59.8000000000006,0.999999999998591
59.9000000000006,0.999999999998591
60.0000000000006,0.999999999998591
60.1000000000006,0.999999999998591
60.2000000000006,0.999999999998591
60.3000000000006,0.999999999998591
60.4000000000006,0.999999999998591
60.5000000000006,0.999999999998591
60.6000000000006,0.999999999998591
60.7000000000006,0.999999999998591
60.8000000000006,0.999999999998591
60.9000000000006,0.999999999998591
61.0000000000006,0.999999999998591
61.1000000000006,0.999999999998591
61.2000000000006,0.999999999998591
61.3000000000006,0.999999999998591
61.4000000000006,0.999999999998591
61.5000000000006,0.999999999998591
61.6000000000006,0.999999999998591
61.7000000000006,0.999999999998591
61.8000000000006,0.999999999998591
61.9000000000006,0.999999999998591
62.0000000000006,0.999999999998591
62.1000000000006,0.999999999998591
62.2000000000006,0.999999999998591
62.3000000000006,0.999999999998591
62.4000000000006,0.999999999998591
62.5000000000006,0.999999999998591
62.6000000000006,0.999999999998591
62.7000000000006,0.999999999998591
62.8000000000006,0.999999999998591
62.9000000000006,0.999999999998591
63.0000000000006,0.999999999998591
63.1000000000006,0.999999999998591
63.2000000000006,0.999999999998591
63.3000000000006,0.999999999998591
63.4000000000006,0.999999999998591
63.5000000000006,0.999999999998591
63.6000000000006,0.999999999998591
63.7000000000006,0.999999999998591
63.8000000000006,0.999999999998591
63.9000000000006,0.999999999998591
64.0000000000006,0.999999999998591
64.1000000000006,0.999999999998591
64.2000000000006,0.999999999998591
64.3000000000006,0.999999999998591
64.4000000000006,0.999999999998591
64.5000000000006,0.999999999998591
64.6000000000006,0.999999999998591
64.7000000000006,0.999999999998591
64.8000000000006,0.999999999998591
64.9000000000006,0.999999999998591
65.0000000000006,0.999999999998591
65.1000000000006,0.999999999998591
65.2000000000006,0.999999999998591
65.3000000000006,0.999999999998591
65.4000000000006,0.999999999998591
65.5000000000006,0.999999999998591
65.6000000000005,0.999999999998591
65.7000000000005,0.999999999998591
65.8000000000005,0.999999999998591
65.9000000000005,0.999999999998591
66.0000000000005,0.999999999998591
66.1000000000005,0.999999999998591
66.2000000000005,0.999999999998591
66.3000000000005,0.999999999998591
66.4000000000005,0.999999999998591
66.5000000000005,0.999999999998591
66.6000000000005,0.999999999998591
66.7000000000005,0.999999999998591
66.8000000000005,0.999999999998591
66.9000000000005,0.999999999998591
67.0000000000005,0.999999999998591
67.1000000000005,0.999999999998591
67.2000000000005,0.999999999998591
67.3000000000005,0.999999999998591
67.4000000000004,0.999999999998591
67.5000000000004,0.999999999998591
67.6000000000004,0.999999999998591
67.7000000000004,0.999999999998591
67.8000000000004,0.999999999998591
67.9000000000004,0.999999999998591
68.0000000000004,0.999999999998591
68.1000000000004,0.999999999998591
68.2000000000004,0.999999999998591
68.3000000000004,0.999999999998591
68.4000000000004,0.999999999998591
68.5000000000004,0.999999999998591
68.6000000000004,0.999999999998591
68.7000000000004,0.999999999998591
68.8000000000004,0.999999999998591
68.9000000000004,0.999999999998591
69.0000000000004,0.999999999998591
69.1000000000003,0.999999999998591
69.2000000000003,0.999999999998591
69.3000000000003,0.999999999998591
69.4000000000003,0.999999999998591
69.5000000000003,0.999999999998591
69.6000000000003,0.999999999998591
69.7000000000003,0.999999999998591
69.8000000000003,0.999999999998591
69.9000000000003,0.999999999998591
70.0000000000003,0.999999999998591
70.1000000000003,0.999999999998591
70.2000000000003,0.999999999998591
70.3000000000003,0.999999999998591
70.4000000000003,0.999999999998591
70.5000000000003,0.999999999998591
70.6000000000003,0.999999999998591
70.7000000000003,0.999999999998591
70.8000000000003,0.999999999998591
70.9000000000002,0.999999999998591
71.0000000000002,0.999999999998591
71.1000000000002,0.999999999998591
71.2000000000002,0.999999999998591
71.3000000000002,0.999999999998591
71.4000000000002,0.999999999998591
71.5000000000002,0.999999999998591
71.6000000000002,0.999999999998591
71.7000000000002,0.999999999998591
71.8000000000002,0.999999999998591
71.9000000000002,0.999999999998591
72.0000000000002,0.999999999998591
72.1000000000002,0.999999999998591
72.2000000000002,0.999999999998591
72.3000000000002,0.999999999998591
72.4000000000002,0.999999999998591
72.5000000000002,0.999999999998591
72.6000000000002,0.999999999998591
72.7000000000001,0.999999999998591
72.8000000000001,0.999999999998591
72.9000000000001,0.999999999998591
73.0000000000001,0.999999999998591
73.1000000000001,0.999999999998591
73.2000000000001,0.999999999998591
73.3000000000001,0.999999999998591
73.4000000000001,0.999999999998591
73.5000000000001,0.999999999998591
73.6000000000001,0.999999999998591
73.7000000000001,0.999999999998591
73.8000000000001,0.999999999998591
73.9000000000001,0.999999999998591
74.0000000000001,0.999999999998591
74.1000000000001,0.999999999998591
74.2000000000001,0.999999999998591
74.3000000000001,0.999999999998591
74.4,0.999999999998591
74.5,0.999999999998591
74.6,0.999999999998591
74.7,0.999999999998591
74.8,0.999999999998591
74.9,0.999999999998591
75,0.999999999998591
75.1,0.999999999998591
75.2,0.999999999998591
75.3,0.999999999998591
75.4,0.999999999998591
75.5,0.999999999998591
75.6,0.999999999998591
75.7,0.999999999998591
75.8,0.999999999998591
75.9,0.999999999998591
76,0.999999999998591
76.1,0.999999999998591
76.1999999999999,0.999999999998591
76.2999999999999,0.999999999998591
76.3999999999999,0.999999999998591
76.4999999999999,0.999999999998591
76.5999999999999,0.999999999998591
76.6999999999999,0.999999999998591
76.7999999999999,0.999999999998591
76.8999999999999,0.999999999998591
76.9999999999999,0.999999999998591
77.0999999999999,0.999999999998591
77.1999999999999,0.999999999998591
77.2999999999999,0.999999999998591
77.3999999999999,0.999999999998591
77.4999999999999,0.999999999998591
77.5999999999999,0.999999999998591
77.6999999999999,0.999999999998591
77.7999999999999,0.999999999998591
77.8999999999998,0.999999999998591
77.9999999999998,0.999999999998591
78.0999999999998,0.999999999998591
78.1999999999998,0.999999999998591
78.2999999999998,0.999999999998591
78.3999999999998,0.999999999998591
78.4999999999998,0.999999999998591
78.5999999999998,0.999999999998591
78.6999999999998,0.999999999998591
78.7999999999998,0.999999999998591
78.8999999999998,0.999999999998591
78.9999999999998,0.999999999998591
79.0999999999998,0.999999999998591
79.1999999999998,0.999999999998591
79.2999999999998,0.999999999998591
79.3999999999998,0.999999999998591
79.4999999999998,0.999999999998591
79.5999999999998,0.999999999998591
79.6999999999997,0.999999999998591
79.7999999999997,0.999999999998591
79.8999999999997,0.999999999998591
79.9999999999997,0.999999999998591
80.0999999999997,0.999999999998591
80.1999999999997,0.999999999998591
80.2999999999997,0.999999999998591
80.3999999999997,0.999999999998591
80.4999999999997,0.999999999998591
80.5999999999997,0.999999999998591
80.6999999999997,0.999999999998591
80.7999999999997,0.999999999998591
80.8999999999997,0.999999999998591
80.9999999999997,0.999999999998591
81.0999999999997,0.999999999998591
81.1999999999997,0.999999999998591
81.2999999999997,0.999999999998591
81.3999999999997,0.999999999998591
81.4999999999996,0.999999999998591
81.5999999999996,0.999999999998591
81.6999999999996,0.999999999998591
81.7999999999996,0.999999999998591
81.8999999999996,0.999999999998591
81.9999999999996,0.999999999998591
82.0999999999996,0.999999999998591
82.1999999999996,0.999999999998591
82.2999999999996,0.999999999998591
82.3999999999996,0.999999999998591
82.4999999999996,0.999999999998591
82.5999999999996,0.999999999998591
82.6999999999996,0.999999999998591
82.7999999999996,0.999999999998591
82.8999999999996,0.999999999998591
82.9999999999996,0.999999999998591
83.0999999999996,0.999999999998591
83.1999999999995,0.999999999998591
83.2999999999995,0.999999999998591
83.3999999999995,0.999999999998591
83.4999999999995,0.999999999998591
83.5999999999995,0.999999999998591
83.6999999999995,0.999999999998591
83.7999999999995,0.999999999998591
83.8999999999995,0.999999999998591
83.9999999999995,0.999999999998591
84.0999999999995,0.999999999998591
84.1999999999995,0.999999999998591
84.2999999999995,0.999999999998591
84.3999999999995,0.999999999998591
84.4999999999995,0.999999999998591
84.5999999999995,0.999999999998591
84.6999999999995,0.999999999998591
84.7999999999995,0.999999999998591
84.8999999999995,0.999999999998591
84.9999999999994,0.999999999998591
85.0999999999994,0.999999999998591
85.1999999999994,0.999999999998591
85.2999999999994,0.999999999998591
85.3999999999994,0.999999999998591
85.4999999999994,0.999999999998591
85.5999999999994,0.999999999998591
85.6999999999994,0.999999999998591
85.7999999999994,0.999999999998591
85.8999999999994,0.999999999998591
85.9999999999994,0.999999999998591
86.0999999999994,0.999999999998591
86.1999999999994,0.999999999998591
86.2999999999994,0.999999999998591
86.3999999999994,0.999999999998591
86.4999999999994,0.999999999998591
86.5999999999994,0.999999999998591
86.6999999999993,0.999999999998591
86.7999999999993,0.999999999998591
86.8999999999993,0.999999999998591
86.9999999999993,0.999999999998591
87.0999999999993,0.999999999998591
87.1999999999993,0.999999999998591
87.2999999999993,0.999999999998591
87.3999999999993,0.999999999998591
87.4999999999993,0.999999999998591
87.5999999999993,0.999999999998591
87.6999999999993,0.999999999998591
87.7999999999993,0.999999999998591
87.8999999999993,0.999999999998591
87.9999999999993,0.999999999998591
88.0999999999993,0.999999999998591
88.1999999999993,0.999999999998591
88.2999999999993,0.999999999998591
88.3999999999993,0.999999999998591
88.4999999999992,0.999999999998591
88.5999999999992,0.999999999998591
88.6999999999992,0.999999999998591
88.7999999999992,0.999999999998591
88.8999999999992,0.999999999998591
88.9999999999992,0.999999999998591
89.0999999999992,0.999999999998591
89.1999999999992,0.999999999998591
89.2999999999992,0.999999999998591
89.3999999999992,0.999999999998591
89.4999999999992,0.999999999998591
89.5999999999992,0.999999999998591
89.6999999999992,0.999999999998591
89.7999999999992,0.999999999998591
89.8999999999992,0.999999999998591
89.9999999999992,0.999999999998591
90.0999999999992,0.999999999998591
90.1999999999992,0.999999999998591
90.2999999999991,0.999999999998591
90.3999999999991,0.999999999998591
90.4999999999991,0.999999999998591
90.5999999999991,0.999999999998591
90.6999999999991,0.999999999998591
90.7999999999991,0.999999999998591
90.8999999999991,0.999999999998591
90.9999999999991,0.999999999998591
91.0999999999991,0.999999999998591
91.1999999999991,0.999999999998591
91.2999999999991,0.999999999998591
91.3999999999991,0.999999999998591
91.4999999999991,0.999999999998591
91.5999999999991,0.999999999998591
91.6999999999991,0.999999999998591
91.7999999999991,0.999999999998591
91.8999999999991,0.999999999998591
91.999999999999,0.999999999998591
92.099999999999,0.999999999998591
92.199999999999,0.999999999998591
92.299999999999,0.999999999998591
92.399999999999,0.999999999998591
92.499999999999,0.999999999998591
92.599999999999,0.999999999998591
92.699999999999,0.999999999998591
92.799999999999,0.999999999998591
92.899999999999,0.999999999998591
92.999999999999,0.999999999998591
93.099999999999,0.999999999998591
93.199999999999,0.999999999998591
93.299999999999,0.999999999998591
93.399999999999,0.999999999998591
93.499999999999,0.999999999998591
93.599999999999,0.999999999998591
93.699999999999,0.999999999998591
93.7999999999989,0.999999999998591
93.8999999999989,0.999999999998591
93.9999999999989,0.999999999998591
94.0999999999989,0.999999999998591
94.1999999999989,0.999999999998591
94.2999999999989,0.999999999998591
94.3999999999989,0.999999999998591
94.4999999999989,0.999999999998591
94.5999999999989,0.999999999998591
94.6999999999989,0.999999999998591
94.7999999999989,0.999999999998591
94.8999999999989,0.999999999998591
94.9999999999989,0.999999999998591
95.0999999999989,0.999999999998591
95.1999999999989,0.999999999998591
95.2999999999989,0.999999999998591
95.3999999999989,0.999999999998591
95.4999999999988,0.999999999998591
95.5999999999988,0.999999999998591
95.6999999999988,0.999999999998591
95.7999999999988,0.999999999998591
95.8999999999988,0.999999999998591
95.9999999999988,0.999999999998591
96.0999999999988,0.999999999998591
96.1999999999988,0.999999999998591
96.2999999999988,0.999999999998591
96.3999999999988,0.999999999998591
96.4999999999988,0.999999999998591
96.5999999999988,0.999999999998591
96.6999999999988,0.999999999998591
96.7999999999988,0.999999999998591
96.8999999999988,0.999999999998591
96.9999999999988,0.999999999998591
97.0999999999988,0.999999999998591
97.1999999999988,0.999999999998591
97.2999999999987,0.999999999998591
97.3999999999987,0.999999999998591
97.4999999999987,0.999999999998591
97.5999999999987,0.999999999998591
97.6999999999987,0.999999999998591
97.7999999999987,0.999999999998591
97.8999999999987,0.999999999998591
97.9999999999987,0.999999999998591
98.0999999999987,0.999999999998591
98.1999999999987,0.999999999998591
98.2999999999987,0.999999999998591
98.3999999999987,0.999999999998591
98.4999999999987,0.999999999998591
98.5999999999987,0.999999999998591
98.6999999999987,0.999999999998591
98.7999999999987,0.999999999998591
98.8999999999987,0.999999999998591
98.9999999999986,0.999999999998591
99.0999999999986,0.999999999998591
99.1999999999986,0.999999999998591
99.2999999999986,0.999999999998591
99.3999999999986,0.999999999998591
99.4999999999986,0.999999999998591
99.5999999999986,0.999999999998591
99.6999999999986,0.999999999998591
99.7999999999986,0.999999999998591
99.8999999999986,0.999999999998591
99.9999999999986,0.999999999998591
100.099999999999,0.999999999998591
100.199999999999,0.999999999998591
100.299999999999,0.999999999998591
100.399999999999,0.999999999998591
100.499999999999,0.999999999998591
100.599999999999,0.999999999998591
100.699999999999,0.999999999998591
100.799999999999,0.999999999998591
100.899999999999,0.999999999998591
100.999999999999,0.999999999998591
101.099999999999,0.999999999998591
101.199999999999,0.999999999998591
101.299999999999,0.999999999998591
101.399999999999,0.999999999998591
101.499999999999,0.999999999998591
101.599999999999,0.999999999998591
101.699999999998,0.999999999998591
101.799999999998,0.999999999998591
101.899999999998,0.999999999998591
101.999999999998,0.999999999998591
102.099999999998,0.999999999998591
102.199999999998,0.999999999998591
102.299999999998,0.999999999998591
102.399999999998,0.999999999998591
102.499999999998,0.999999999998591
102.599999999998,0.999999999998591
102.699999999998,0.999999999998591
102.799999999998,0.999999999998591
102.899999999998,0.999999999998591
102.999999999998,0.999999999998591
103.099999999998,0.999999999998591
103.199999999998,0.999999999998591
103.299999999998,0.999999999998591
103.399999999998,0.999999999998591
103.499999999998,0.999999999998591
103.599999999998,0.999999999998591
103.699999999998,0.999999999998591
103.799999999998,0.999999999998591
103.899999999998,0.999999999998591
103.999999999998,0.999999999998591
104.099999999998,0.999999999998591
104.199999999998,0.999999999998591
104.299999999998,0.999999999998591
104.399999999998,0.999999999998591
104.499999999998,0.999999999998591
104.599999999998,0.999999999998591
104.699999999998,0.999999999998591
104.799999999998,0.999999999998591
104.899999999998,0.999999999998591
104.999999999998,0.999999999998591
105.099999999998,0.999999999998591
105.199999999998,0.999999999998591
105.299999999998,0.999999999998591
105.399999999998,0.999999999998591
105.499999999998,0.999999999998591
105.599999999998,0.999999999998591
105.699999999998,0.999999999998591
105.799999999998,0.999999999998591
105.899999999998,0.999999999998591
105.999999999998,0.999999999998591
106.099999999998,0.999999999998591
106.199999999998,0.999999999998591
106.299999999998,0.999999999998591
106.399999999998,0.999999999998591
106.499999999998,0.999999999998591
106.599999999998,0.999999999998591
106.699999999998,0.999999999998591
106.799999999998,0.999999999998591
106.899999999998,0.999999999998591
106.999999999998,0.999999999998591
107.099999999998,0.999999999998591
107.199999999998,0.999999999998591
107.299999999998,0.999999999998591
107.399999999998,0.999999999998591
107.499999999998,0.999999999998591
107.599999999998,0.999999999998591
107.699999999998,0.999999999998591
107.799999999998,0.999999999998591
107.899999999998,0.999999999998591
107.999999999998,0.999999999998591
108.099999999998,0.999999999998591
108.199999999998,0.999999999998591
108.299999999998,0.999999999998591
108.399999999998,0.999999999998591
108.499999999998,0.999999999998591
108.599999999998,0.999999999998591
108.699999999998,0.999999999998591
108.799999999998,0.999999999998591
108.899999999998,0.999999999998591
108.999999999998,0.999999999998591
109.099999999998,0.999999999998591
109.199999999998,0.999999999998591
109.299999999998,0.999999999998591
109.399999999998,0.999999999998591
109.499999999998,0.999999999998591
109.599999999998,0.999999999998591
109.699999999998,0.999999999998591
109.799999999998,0.999999999998591
109.899999999998,0.999999999998591
109.999999999998,0.999999999998591
110.099999999998,0.999999999998591
110.199999999998,0.999999999998591
110.299999999998,0.999999999998591
110.399999999998,0.999999999998591
110.499999999998,0.999999999998591
110.599999999998,0.999999999998591
110.699999999998,0.999999999998591
110.799999999998,0.999999999998591
110.899999999998,0.999999999998591
110.999999999998,0.999999999998591
111.099999999998,0.999999999998591
111.199999999998,0.999999999998591
111.299999999998,0.999999999998591
111.399999999998,0.999999999998591
111.499999999998,0.999999999998591
111.599999999998,0.999999999998591
111.699999999998,0.999999999998591
111.799999999998,0.999999999998591
111.899999999998,0.999999999998591
111.999999999998,0.999999999998591
112.099999999998,0.999999999998591
112.199999999998,0.999999999998591
112.299999999998,0.999999999998591
112.399999999998,0.999999999998591
112.499999999998,0.999999999998591
112.599999999998,0.999999999998591
112.699999999998,0.999999999998591
112.799999999998,0.999999999998591
112.899999999998,0.999999999998591
112.999999999998,0.999999999998591
113.099999999998,0.999999999998591
113.199999999998,0.999999999998591
113.299999999998,0.999999999998591
113.399999999998,0.999999999998591
113.499999999998,0.999999999998591
113.599999999998,0.999999999998591
113.699999999998,0.999999999998591
113.799999999998,0.999999999998591
113.899999999998,0.999999999998591
113.999999999998,0.999999999998591
114.099999999998,0.999999999998591
114.199999999998,0.999999999998591
114.299999999998,0.999999999998591
114.399999999998,0.999999999998591
114.499999999998,0.999999999998591
114.599999999998,0.999999999998591
114.699999999998,0.999999999998591
114.799999999998,0.999999999998591
114.899999999998,0.999999999998591
114.999999999998,0.999999999998591
115.099999999998,0.999999999998591
115.199999999998,0.999999999998591
115.299999999998,0.999999999998591
115.399999999998,0.999999999998591
115.499999999998,0.999999999998591
115.599999999998,0.999999999998591
115.699999999998,0.999999999998591
115.799999999998,0.999999999998591
115.899999999998,0.999999999998591
115.999999999998,0.999999999998591
116.099999999998,0.999999999998591
116.199999999998,0.999999999998591
116.299999999998,0.999999999998591
116.399999999998,0.999999999998591
116.499999999998,0.999999999998591
116.599999999998,0.999999999998591
116.699999999998,0.999999999998591
116.799999999998,0.999999999998591
116.899999999998,0.999999999998591
116.999999999998,0.999999999998591
117.099999999998,0.999999999998591
117.199999999998,0.999999999998591
117.299999999998,0.999999999998591
117.399999999998,0.999999999998591
117.499999999998,0.999999999998591
117.599999999998,0.999999999998591
117.699999999998,0.999999999998591
117.799999999998,0.999999999998591
117.899999999998,0.999999999998591
117.999999999998,0.999999999998591
118.099999999998,0.999999999998591
118.199999999998,0.999999999998591
118.299999999998,0.999999999998591
118.399999999998,0.999999999998591
118.499999999998,0.999999999998591
118.599999999998,0.999999999998591
118.699999999998,0.999999999998591
118.799999999998,0.999999999998591
118.899999999998,0.999999999998591
118.999999999998,0.999999999998591
119.099999999998,0.999999999998591
119.199999999998,0.999999999998591
119.299999999997,0.999999999998591
119.399999999997,0.999999999998591
119.499999999997,0.999999999998591
119.599999999997,0.999999999998591
119.699999999997,0.999999999998591
119.799999999997,0.999999999998591
119.899999999997,0.999999999998591
119.999999999997,0.999999999998591
120.099999999997,0.999999999998591
120.199999999997,0.999999999998591
120.299999999997,0.999999999998591
120.399999999997,0.999999999998591
120.499999999997,0.999999999998591
120.599999999997,0.999999999998591
120.699999999997,0.999999999998591
120.799999999997,0.999999999998591
120.899999999997,0.999999999998591
120.999999999997,0.999999999998591
121.099999999997,0.999999999998591
121.199999999997,0.999999999998591
121.299999999997,0.999999999998591
121.399999999997,0.999999999998591
121.499999999997,0.999999999998591
121.599999999997,0.999999999998591
121.699999999997,0.999999999998591
121.799999999997,0.999999999998591
121.899999999997,0.999999999998591
121.999999999997,0.999999999998591
122.099999999997,0.999999999998591
122.199999999997,0.999999999998591
122.299999999997,0.999999999998591
122.399999999997,0.999999999998591
122.499999999997,0.999999999998591
122.599999999997,0.999999999998591
122.699999999997,0.999999999998591
122.799999999997,0.999999999998591
122.899999999997,0.999999999998591
122.999999999997,0.999999999998591
123.099999999997,0.999999999998591
123.199999999997,0.999999999998591
123.299999999997,0.999999999998591
123.399999999997,0.999999999998591
123.499999999997,0.999999999998591
123.599999999997,0.999999999998591
123.699999999997,0.999999999998591
123.799999999997,0.999999999998591
123.899999999997,0.999999999998591
123.999999999997,0.999999999998591
124.099999999997,0.999999999998591
124.199999999997,0.999999999998591
124.299999999997,0.999999999998591
124.399999999997,0.999999999998591
124.499999999997,0.999999999998591
124.599999999997,0.999999999998591
124.699999999997,0.999999999998591
124.799999999997,0.999999999998591
124.899999999997,0.999999999998591
124.999999999997,0.999999999998591
125.099999999997,0.999999999998591
125.199999999997,0.999999999998591
125.299999999997,0.999999999998591
125.399999999997,0.999999999998591
125.499999999997,0.999999999998591
125.599999999997,0.999999999998591
125.699999999997,0.999999999998591
125.799999999997,0.999999999998591
125.899999999997,0.999999999998591
125.999999999997,0.999999999998591
126.099999999997,0.999999999998591
126.199999999997,0.999999999998591
126.299999999997,0.999999999998591
126.399999999997,0.999999999998591
126.499999999997,0.999999999998591
126.599999999997,0.999999999998591
126.699999999997,0.999999999998591
126.799999999997,0.999999999998591
126.899999999997,0.999999999998591
126.999999999997,0.999999999998591
127.099999999997,0.999999999998591
127.199999999997,0.999999999998591
127.299999999997,0.999999999998591
127.399999999997,0.999999999998591
127.499999999997,0.999999999998591
127.599999999997,0.999999999998591
127.699999999997,0.999999999998591
127.799999999997,0.999999999998591
127.899999999997,0.999999999998591
127.999999999997,0.999999999998591
128.099999999997,0.999999999998591
128.199999999997,0.999999999998591
128.299999999997,0.999999999998591
128.399999999997,0.999999999998591
128.499999999997,0.999999999998591
128.599999999997,0.999999999998591
128.699999999997,0.999999999998591
128.799999999997,0.999999999998591
128.899999999997,0.999999999998591
128.999999999997,0.999999999998591
129.099999999997,0.999999999998591
129.199999999997,0.999999999998591
129.299999999997,0.999999999998591
129.399999999997,0.999999999998591
129.499999999997,0.999999999998591
129.599999999997,0.999999999998591
129.699999999997,0.999999999998591
129.799999999997,0.999999999998591
129.899999999997,0.999999999998591
129.999999999997,0.999999999998591
130.099999999997,0.999999999998591
130.199999999997,0.999999999998591
130.299999999997,0.999999999998591
130.399999999997,0.999999999998591
130.499999999997,0.999999999998591
130.599999999997,0.999999999998591
130.699999999997,0.999999999998591
130.799999999997,0.999999999998591
130.899999999997,0.999999999998591
130.999999999997,0.999999999998591
131.099999999997,0.999999999998591
131.199999999997,0.999999999998591
131.299999999997,0.999999999998591
131.399999999997,0.999999999998591
131.499999999997,0.999999999998591
131.599999999997,0.999999999998591
131.699999999997,0.999999999998591
131.799999999997,0.999999999998591
131.899999999997,0.999999999998591
131.999999999997,0.999999999998591
132.099999999997,0.999999999998591
132.199999999997,0.999999999998591
132.299999999997,0.999999999998591
132.399999999997,0.999999999998591
132.499999999997,0.999999999998591
132.599999999997,0.999999999998591
132.699999999997,0.999999999998591
132.799999999997,0.999999999998591
132.899999999997,0.999999999998591
132.999999999997,0.999999999998591
133.099999999997,0.999999999998591
133.199999999997,0.999999999998591
133.299999999997,0.999999999998591
133.399999999997,0.999999999998591
133.499999999997,0.999999999998591
133.599999999997,0.999999999998591
133.699999999997,0.999999999998591
133.799999999997,0.999999999998591
133.899999999997,0.999999999998591
133.999999999997,0.999999999998591
134.099999999997,0.999999999998591
134.199999999997,0.999999999998591
134.299999999997,0.999999999998591
134.399999999997,0.999999999998591
134.499999999997,0.999999999998591
134.599999999997,0.999999999998591
134.699999999997,0.999999999998591
134.799999999997,0.999999999998591
134.899999999997,0.999999999998591
134.999999999997,0.999999999998591
135.099999999997,0.999999999998591
135.199999999997,0.999999999998591
135.299999999997,0.999999999998591
135.399999999997,0.999999999998591
135.499999999997,0.999999999998591
135.599999999997,0.999999999998591
135.699999999997,0.999999999998591
135.799999999997,0.999999999998591
135.899999999997,0.999999999998591
135.999999999997,0.999999999998591
136.099999999997,0.999999999998591
136.199999999997,0.999999999998591
136.299999999997,0.999999999998591
136.399999999997,0.999999999998591
136.499999999997,0.999999999998591
136.599999999997,0.999999999998591
136.699999999997,0.999999999998591
136.799999999997,0.999999999998591
136.899999999997,0.999999999998591
136.999999999997,0.999999999998591
137.099999999996,0.999999999998591
137.199999999996,0.999999999998591
137.299999999996,0.999999999998591
137.399999999996,0.999999999998591
137.499999999996,0.999999999998591
137.599999999996,0.999999999998591
137.699999999996,0.999999999998591
137.799999999996,0.999999999998591
137.899999999996,0.999999999998591
137.999999999996,0.999999999998591
138.099999999996,0.999999999998591
138.199999999996,0.999999999998591
138.299999999996,0.999999999998591
138.399999999996,0.999999999998591
138.499999999996,0.999999999998591
138.599999999996,0.999999999998591
138.699999999996,0.999999999998591
138.799999999996,0.999999999998591
138.899999999996,0.999999999998591
138.999999999996,0.999999999998591
139.099999999996,0.999999999998591
139.199999999996,0.999999999998591
139.299999999996,0.999999999998591
139.399999999996,0.999999999998591
139.499999999996,0.999999999998591
139.599999999996,0.999999999998591
139.699999999996,0.999999999998591
139.799999999996,0.999999999998591
139.899999999996,0.999999999998591
139.999999999996,0.999999999998591
140.099999999996,0.999999999998591
140.199999999996,0.999999999998591
140.299999999996,0.999999999998591
140.399999999996,0.999999999998591
140.499999999996,0.999999999998591
140.599999999996,0.999999999998591
140.699999999996,0.999999999998591
140.799999999996,0.999999999998591
140.899999999996,0.999999999998591
140.999999999996,0.999999999998591
141.099999999996,0.999999999998591
141.199999999996,0.999999999998591
141.299999999996,0.999999999998591
141.399999999996,0.999999999998591
141.499999999996,0.999999999998591
141.599999999996,0.999999999998591
141.699999999996,0.999999999998591
141.799999999996,0.999999999998591
141.899999999996,0.999999999998591
141.999999999996,0.999999999998591
142.099999999996,0.999999999998591
142.199999999996,0.999999999998591
142.299999999996,0.999999999998591
142.399999999996,0.999999999998591
142.499999999996,0.999999999998591
142.599999999996,0.999999999998591
142.699999999996,0.999999999998591
142.799999999996,0.999999999998591
142.899999999996,0.999999999998591
142.999999999996,0.999999999998591
143.099999999996,0.999999999998591
143.199999999996,0.999999999998591
143.299999999996,0.999999999998591
143.399999999996,0.999999999998591
143.499999999996,0.999999999998591
143.599999999996,0.999999999998591
143.699999999996,0.999999999998591
143.799999999996,0.999999999998591
143.899999999996,0.999999999998591
143.999999999996,0.999999999998591
144.099999999996,0.999999999998591
144.199999999996,0.999999999998591
144.299999999996,0.999999999998591
144.399999999996,0.999999999998591
144.499999999996,0.999999999998591
144.599999999996,0.999999999998591
144.699999999996,0.999999999998591
144.799999999996,0.999999999998591
144.899999999996,0.999999999998591
144.999999999996,0.999999999998591
145.099999999996,0.999999999998591
145.199999999996,0.999999999998591
145.299999999996,0.999999999998591
145.399999999996,0.999999999998591
145.499999999996,0.999999999998591
145.599999999996,0.999999999998591
145.699999999996,0.999999999998591
145.799999999996,0.999999999998591
145.899999999996,0.999999999998591
145.999999999996,0.999999999998591
146.099999999996,0.999999999998591
146.199999999996,0.999999999998591
146.299999999996,0.999999999998591
146.399999999996,0.999999999998591
146.499999999996,0.999999999998591
146.599999999996,0.999999999998591
146.699999999996,0.999999999998591
146.799999999996,0.999999999998591
146.899999999996,0.999999999998591
146.999999999996,0.999999999998591
147.099999999996,0.999999999998591
147.199999999996,0.999999999998591
147.299999999996,0.999999999998591
147.399999999996,0.999999999998591
147.499999999996,0.999999999998591
147.599999999996,0.999999999998591
147.699999999996,0.999999999998591
147.799999999996,0.999999999998591
147.899999999996,0.999999999998591
147.999999999996,0.999999999998591
148.099999999996,0.999999999998591
148.199999999996,0.999999999998591
148.299999999996,0.999999999998591
148.399999999996,0.999999999998591
148.499999999996,0.999999999998591
148.599999999996,0.999999999998591
148.699999999996,0.999999999998591
148.799999999996,0.999999999998591
148.899999999996,0.999999999998591
148.999999999996,0.999999999998591
149.099999999996,0.999999999998591
149.199999999996,0.999999999998591
149.299999999996,0.999999999998591
149.399999999996,0.999999999998591
149.499999999996,0.999999999998591
149.599999999996,0.999999999998591
149.699999999996,0.999999999998591
149.799999999996,0.999999999998591
149.899999999996,0.999999999998591
149.999999999996,0.999999999998591
150.099999999996,0.999999999998591
150.199999999996,0.999999999998591
150.299999999996,0.999999999998591
150.399999999996,0.999999999998591
150.499999999996,0.999999999998591
150.599999999996,0.999999999998591
150.699999999996,0.999999999998591
150.799999999996,0.999999999998591
150.899999999996,0.999999999998591
150.999999999996,0.999999999998591
151.099999999996,0.999999999998591
151.199999999996,0.999999999998591
151.299999999996,0.999999999998591
151.399999999996,0.999999999998591
151.499999999996,0.999999999998591
151.599999999996,0.999999999998591
151.699999999996,0.999999999998591
151.799999999996,0.999999999998591
151.899999999996,0.999999999998591
151.999999999996,0.999999999998591
152.099999999996,0.999999999998591
152.199999999996,0.999999999998591
152.299999999996,0.999999999998591
152.399999999996,0.999999999998591
152.499999999996,0.999999999998591
152.599999999996,0.999999999998591
152.699999999996,0.999999999998591
152.799999999996,0.999999999998591
152.899999999996,0.999999999998591
152.999999999996,0.999999999998591
153.099999999996,0.999999999998591
153.199999999996,0.999999999998591
153.299999999996,0.999999999998591
153.399999999996,0.999999999998591
153.499999999996,0.999999999998591
153.599999999996,0.999999999998591
153.699999999996,0.999999999998591
153.799999999996,0.999999999998591
153.899999999996,0.999999999998591
153.999999999996,0.999999999998591
154.099999999996,0.999999999998591
154.199999999996,0.999999999998591
154.299999999996,0.999999999998591
154.399999999996,0.999999999998591
154.499999999996,0.999999999998591
154.599999999996,0.999999999998591
154.699999999995,0.999999999998591
154.799999999995,0.999999999998591
154.899999999995,0.999999999998591
154.999999999995,0.999999999998591
155.099999999995,0.999999999998591
155.199999999995,0.999999999998591
155.299999999995,0.999999999998591
155.399999999995,0.999999999998591
155.499999999995,0.999999999998591
155.599999999995,0.999999999998591
155.699999999995,0.999999999998591
155.799999999995,0.999999999998591
155.899999999995,0.999999999998591
155.999999999995,0.999999999998591
156.099999999995,0.999999999998591
156.199999999995,0.999999999998591
156.299999999995,0.999999999998591
156.399999999995,0.999999999998591
156.499999999995,0.999999999998591
156.599999999995,0.999999999998591
156.699999999995,0.999999999998591
156.799999999995,0.999999999998591
156.899999999995,0.999999999998591
156.999999999995,0.999999999998591
157.099999999995,0.999999999998591
157.199999999995,0.999999999998591
157.299999999995,0.999999999998591
157.399999999995,0.999999999998591
157.499999999995,0.999999999998591
157.599999999995,0.999999999998591
157.699999999995,0.999999999998591
157.799999999995,0.999999999998591
157.899999999995,0.999999999998591
157.999999999995,0.999999999998591
158.099999999995,0.999999999998591
158.199999999995,0.999999999998591
158.299999999995,0.999999999998591
158.399999999995,0.999999999998591
158.499999999995,0.999999999998591
158.599999999995,0.999999999998591
158.699999999995,0.999999999998591
158.799999999995,0.999999999998591
158.899999999995,0.999999999998591
158.999999999995,0.999999999998591
159.099999999995,0.999999999998591
159.199999999995,0.999999999998591
159.299999999995,0.999999999998591
159.399999999995,0.999999999998591
159.499999999995,0.999999999998591
159.599999999995,0.999999999998591
159.699999999995,0.999999999998591
159.799999999995,0.999999999998591
159.899999999995,0.999999999998591
159.999999999995,0.999999999998591
160.099999999995,0.999999999998591
160.199999999995,0.999999999998591
160.299999999995,0.999999999998591
160.399999999995,0.999999999998591
160.499999999995,0.999999999998591
160.599999999995,0.999999999998591
160.699999999995,0.999999999998591
160.799999999995,0.999999999998591
160.899999999995,0.999999999998591
160.999999999995,0.999999999998591
161.099999999995,0.999999999998591
161.199999999995,0.999999999998591
161.299999999995,0.999999999998591
161.399999999995,0.999999999998591
161.499999999995,0.999999999998591
161.599999999995,0.999999999998591
161.699999999995,0.999999999998591
161.799999999995,0.999999999998591
161.899999999995,0.999999999998591
161.999999999995,0.999999999998591
162.099999999995,0.999999999998591
162.199999999995,0.999999999998591
162.299999999995,0.999999999998591
162.399999999995,0.999999999998591
162.499999999995,0.999999999998591
162.599999999995,0.999999999998591
162.699999999995,0.999999999998591
162.799999999995,0.999999999998591
162.899999999995,0.999999999998591
162.999999999995,0.999999999998591
163.099999999995,0.999999999998591
163.199999999995,0.999999999998591
163.299999999995,0.999999999998591
163.399999999995,0.999999999998591
163.499999999995,0.999999999998591
163.599999999995,0.999999999998591
163.699999999995,0.999999999998591
163.799999999995,0.999999999998591
163.899999999995,0.999999999998591
163.999999999995,0.999999999998591
164.099999999995,0.999999999998591
164.199999999995,0.999999999998591
164.299999999995,0.999999999998591
164.399999999995,0.999999999998591
164.499999999995,0.999999999998591
164.599999999995,0.999999999998591
164.699999999995,0.999999999998591
164.799999999995,0.999999999998591
164.899999999995,0.999999999998591
164.999999999995,0.999999999998591
165.099999999995,0.999999999998591
165.199999999995,0.999999999998591
165.299999999995,0.999999999998591
165.399999999995,0.999999999998591
165.499999999995,0.999999999998591
165.599999999995,0.999999999998591
165.699999999995,0.999999999998591
165.799999999995,0.999999999998591
165.899999999995,0.999999999998591
165.999999999995,0.999999999998591
166.099999999995,0.999999999998591
166.199999999995,0.999999999998591
166.299999999995,0.999999999998591
166.399999999995,0.999999999998591
166.499999999995,0.999999999998591
166.599999999995,0.999999999998591
166.699999999995,0.999999999998591
166.799999999995,0.999999999998591
166.899999999995,0.999999999998591
166.999999999995,0.999999999998591
167.099999999995,0.999999999998591
167.199999999995,0.999999999998591
167.299999999995,0.999999999998591
167.399999999995,0.999999999998591
167.499999999995,0.999999999998591
167.599999999995,0.999999999998591
167.699999999995,0.999999999998591
167.799999999995,0.999999999998591
167.899999999995,0.999999999998591
167.999999999995,0.999999999998591
168.099999999995,0.999999999998591
168.199999999995,0.999999999998591
168.299999999995,0.999999999998591
168.399999999995,0.999999999998591
168.499999999995,0.999999999998591
168.599999999995,0.999999999998591
168.699999999995,0.999999999998591
168.799999999995,0.999999999998591
168.899999999995,0.999999999998591
168.999999999995,0.999999999998591
169.099999999995,0.999999999998591
169.199999999995,0.999999999998591
169.299999999995,0.999999999998591
169.399999999995,0.999999999998591
169.499999999995,0.999999999998591
169.599999999995,0.999999999998591
169.699999999995,0.999999999998591
169.799999999995,0.999999999998591
169.899999999995,0.999999999998591
169.999999999995,0.999999999998591
170.099999999995,0.999999999998591
170.199999999995,0.999999999998591
170.299999999995,0.999999999998591
170.399999999995,0.999999999998591
170.499999999995,0.999999999998591
170.599999999995,0.999999999998591
170.699999999995,0.999999999998591
170.799999999995,0.999999999998591
170.899999999995,0.999999999998591
170.999999999995,0.999999999998591
171.099999999995,0.999999999998591
171.199999999995,0.999999999998591
171.299999999995,0.999999999998591
171.399999999995,0.999999999998591
171.499999999995,0.999999999998591
171.599999999995,0.999999999998591
171.699999999995,0.999999999998591
171.799999999995,0.999999999998591
171.899999999995,0.999999999998591
171.999999999995,0.999999999998591
172.099999999995,0.999999999998591
172.199999999995,0.999999999998591
172.299999999994,0.999999999998591
172.399999999994,0.999999999998591
172.499999999994,0.999999999998591
172.599999999994,0.999999999998591
172.699999999994,0.999999999998591
172.799999999994,0.999999999998591
172.899999999994,0.999999999998591
172.999999999994,0.999999999998591
173.099999999994,0.999999999998591
173.199999999994,0.999999999998591
173.299999999994,0.999999999998591
173.399999999994,0.999999999998591
173.499999999994,0.999999999998591
173.599999999994,0.999999999998591
173.699999999994,0.999999999998591
173.799999999994,0.999999999998591
173.899999999994,0.999999999998591
173.999999999994,0.999999999998591
174.099999999994,0.999999999998591
174.199999999994,0.999999999998591
174.299999999994,0.999999999998591
174.399999999994,0.999999999998591
174.499999999994,0.999999999998591
174.599999999994,0.999999999998591
174.699999999994,0.999999999998591
174.799999999994,0.999999999998591
174.899999999994,0.999999999998591
174.999999999994,0.999999999998591
175.099999999994,0.999999999998591
175.199999999994,0.999999999998591
175.299999999994,0.999999999998591
175.399999999994,0.999999999998591
175.499999999994,0.999999999998591
175.599999999994,0.999999999998591
175.699999999994,0.999999999998591
175.799999999994,0.999999999998591
175.899999999994,0.999999999998591
175.999999999994,0.999999999998591
176.099999999994,0.999999999998591
176.199999999994,0.999999999998591
176.299999999994,0.999999999998591
176.399999999994,0.999999999998591
176.499999999994,0.999999999998591
176.599999999994,0.999999999998591
176.699999999994,0.999999999998591
176.799999999994,0.999999999998591
176.899999999994,0.999999999998591
176.999999999994,0.999999999998591
177.099999999994,0.999999999998591
177.199999999994,0.999999999998591
177.299999999994,0.999999999998591
177.399999999994,0.999999999998591
177.499999999994,0.999999999998591
177.599999999994,0.999999999998591
177.699999999994,0.999999999998591
177.799999999994,0.999999999998591
177.899999999994,0.999999999998591
177.999999999994,0.999999999998591
178.099999999994,0.999999999998591
178.199999999994,0.999999999998591
178.299999999994,0.999999999998591
178.399999999994,0.999999999998591
178.499999999994,0.999999999998591
178.599999999994,0.999999999998591
178.699999999994,0.999999999998591
178.799999999994,0.999999999998591
178.899999999994,0.999999999998591
178.999999999994,0.999999999998591
179.099999999994,0.999999999998591
179.199999999994,0.999999999998591
179.299999999994,0.999999999998591
179.399999999994,0.999999999998591
179.499999999994,0.999999999998591
179.599999999994,0.999999999998591
179.699999999994,0.999999999998591
179.799999999994,0.999999999998591
179.899999999994,0.999999999998591
179.999999999994,0.999999999998591
180.099999999994,0.999999999998591
180.199999999994,0.999999999998591
180.299999999994,0.999999999998591
180.399999999994,0.999999999998591
180.499999999994,0.999999999998591
180.599999999994,0.999999999998591
180.699999999994,0.999999999998591
180.799999999994,0.999999999998591
180.899999999994,0.999999999998591
180.999999999994,0.999999999998591
181.099999999994,0.999999999998591
181.199999999994,0.999999999998591
181.299999999994,0.999999999998591
181.399999999994,0.999999999998591
181.499999999994,0.999999999998591
181.599999999994,0.999999999998591
181.699999999994,0.999999999998591
181.799999999994,0.999999999998591
181.899999999994,0.999999999998591
181.999999999994,0.999999999998591
182.099999999994,0.999999999998591
182.199999999994,0.999999999998591
182.299999999994,0.999999999998591
182.399999999994,0.999999999998591
182.499999999994,0.999999999998591
182.599999999994,0.999999999998591
182.699999999994,0.999999999998591
182.799999999994,0.999999999998591
182.899999999994,0.999999999998591
182.999999999994,0.999999999998591
183.099999999994,0.999999999998591
183.199999999994,0.999999999998591
183.299999999994,0.999999999998591
183.399999999994,0.999999999998591
183.499999999994,0.999999999998591
183.599999999994,0.999999999998591
183.699999999994,0.999999999998591
183.799999999994,0.999999999998591
183.899999999994,0.999999999998591
183.999999999994,0.999999999998591
184.099999999994,0.999999999998591
184.199999999994,0.999999999998591
184.299999999994,0.999999999998591
184.399999999994,0.999999999998591
184.499999999994,0.999999999998591
184.599999999994,0.999999999998591
184.699999999994,0.999999999998591
184.799999999994,0.999999999998591
184.899999999994,0.999999999998591
184.999999999994,0.999999999998591
185.099999999994,0.999999999998591
185.199999999994,0.999999999998591
185.299999999994,0.999999999998591
185.399999999994,0.999999999998591
185.499999999994,0.999999999998591
185.599999999994,0.999999999998591
185.699999999994,0.999999999998591
185.799999999994,0.999999999998591
185.899999999994,0.999999999998591
185.999999999994,0.999999999998591
186.099999999994,0.999999999998591
186.199999999994,0.999999999998591
186.299999999994,0.999999999998591
186.399999999994,0.999999999998591
186.499999999994,0.999999999998591
186.599999999994,0.999999999998591
186.699999999994,0.999999999998591
186.799999999994,0.999999999998591
186.899999999994,0.999999999998591
186.999999999994,0.999999999998591
187.099999999994,0.999999999998591
187.199999999994,0.999999999998591
187.299999999994,0.999999999998591
187.399999999994,0.999999999998591
187.499999999994,0.999999999998591
187.599999999994,0.999999999998591
187.699999999994,0.999999999998591
187.799999999994,0.999999999998591
187.899999999994,0.999999999998591
187.999999999994,0.999999999998591
188.099999999994,0.999999999998591
188.199999999994,0.999999999998591
188.299999999994,0.999999999998591
188.399999999994,0.999999999998591
188.499999999994,0.999999999998591
188.599999999994,0.999999999998591
188.699999999994,0.999999999998591
188.799999999994,0.999999999998591
188.899999999994,0.999999999998591
188.999999999994,0.999999999998591
189.099999999994,0.999999999998591
189.199999999994,0.999999999998591
189.299999999994,0.999999999998591
189.399999999994,0.999999999998591
189.499999999994,0.999999999998591
189.599999999994,0.999999999998591
189.699999999994,0.999999999998591
189.799999999994,0.999999999998591
189.899999999993,0.999999999998591
189.999999999993,0.999999999998591
190.099999999993,0.999999999998591
190.199999999993,0.999999999998591
190.299999999993,0.999999999998591
190.399999999993,0.999999999998591
190.499999999993,0.999999999998591
190.599999999993,0.999999999998591
190.699999999993,0.999999999998591
190.799999999993,0.999999999998591
190.899999999993,0.999999999998591
190.999999999993,0.999999999998591
191.099999999993,0.999999999998591
191.199999999993,0.999999999998591
191.299999999993,0.999999999998591
191.399999999993,0.999999999998591
191.499999999993,0.999999999998591
191.599999999993,0.999999999998591
191.699999999993,0.999999999998591
191.799999999993,0.999999999998591
191.899999999993,0.999999999998591
191.999999999993,0.999999999998591
192.099999999993,0.999999999998591
192.199999999993,0.999999999998591
192.299999999993,0.999999999998591
192.399999999993,0.999999999998591
192.499999999993,0.999999999998591
192.599999999993,0.999999999998591
192.699999999993,0.999999999998591
192.799999999993,0.999999999998591
192.899999999993,0.999999999998591
192.999999999993,0.999999999998591
193.099999999993,0.999999999998591
193.199999999993,0.999999999998591
193.299999999993,0.999999999998591
193.399999999993,0.999999999998591
193.499999999993,0.999999999998591
193.599999999993,0.999999999998591
193.699999999993,0.999999999998591
193.799999999993,0.999999999998591
193.899999999993,0.999999999998591
193.999999999993,0.999999999998591
194.099999999993,0.999999999998591
194.199999999993,0.999999999998591
194.299999999993,0.999999999998591
194.399999999993,0.999999999998591
194.499999999993,0.999999999998591
194.599999999993,0.999999999998591
194.699999999993,0.999999999998591
194.799999999993,0.999999999998591
194.899999999993,0.999999999998591
194.999999999993,0.999999999998591
195.099999999993,0.999999999998591
195.199999999993,0.999999999998591
195.299999999993,0.999999999998591
195.399999999993,0.999999999998591
195.499999999993,0.999999999998591
195.599999999993,0.999999999998591
195.699999999993,0.999999999998591
195.799999999993,0.999999999998591
195.899999999993,0.999999999998591
195.999999999993,0.999999999998591
196.099999999993,0.999999999998591
196.199999999993,0.999999999998591
196.299999999993,0.999999999998591
196.399999999993,0.999999999998591
196.499999999993,0.999999999998591
196.599999999993,0.999999999998591
196.699999999993,0.999999999998591
196.799999999993,0.999999999998591
196.899999999993,0.999999999998591
196.999999999993,0.999999999998591
197.099999999993,0.999999999998591
197.199999999993,0.999999999998591
197.299999999993,0.999999999998591
197.399999999993,0.999999999998591
197.499999999993,0.999999999998591
197.599999999993,0.999999999998591
197.699999999993,0.999999999998591
197.799999999993,0.999999999998591
197.899999999993,0.999999999998591
197.999999999993,0.999999999998591
198.099999999993,0.999999999998591
198.199999999993,0.999999999998591
198.299999999993,0.999999999998591
198.399999999993,0.999999999998591
198.499999999993,0.999999999998591
198.599999999993,0.999999999998591
198.699999999993,0.999999999998591
198.799999999993,0.999999999998591
198.899999999993,0.999999999998591
198.999999999993,0.999999999998591
199.099999999993,0.999999999998591
199.199999999993,0.999999999998591
199.299999999993,0.999999999998591
199.399999999993,0.999999999998591
199.499999999993,0.999999999998591
199.599999999993,0.999999999998591
199.699999999993,0.999999999998591
199.799999999993,0.999999999998591
199.899999999993,0.999999999998591
199.999999999993,0.999999999998591
200.099999999993,0.999999999998591
200.199999999993,0.999999999998591
200.299999999993,0.999999999998591
200.399999999993,0.999999999998591
200.499999999993,0.999999999998591
200.599999999993,0.999999999998591
200.699999999993,0.999999999998591
200.799999999993,0.999999999998591
200.899999999993,0.999999999998591
200.999999999993,0.999999999998591
201.099999999993,0.999999999998591
201.199999999993,0.999999999998591
201.299999999993,0.999999999998591
201.399999999993,0.999999999998591
201.499999999993,0.999999999998591
201.599999999993,0.999999999998591
201.699999999993,0.999999999998591
201.799999999993,0.999999999998591
201.899999999993,0.999999999998591
201.999999999993,0.999999999998591
202.099999999993,0.999999999998591
202.199999999993,0.999999999998591
202.299999999993,0.999999999998591
202.399999999993,0.999999999998591
202.499999999993,0.999999999998591
202.599999999993,0.999999999998591
202.699999999993,0.999999999998591
202.799999999993,0.999999999998591
202.899999999993,0.999999999998591
202.999999999993,0.999999999998591
203.099999999993,0.999999999998591
203.199999999993,0.999999999998591
203.299999999993,0.999999999998591
203.399999999993,0.999999999998591
203.499999999993,0.999999999998591
203.599999999993,0.999999999998591
203.699999999993,0.999999999998591
203.799999999993,0.999999999998591
203.899999999993,0.999999999998591
203.999999999993,0.999999999998591
204.099999999993,0.999999999998591
204.199999999993,0.999999999998591
204.299999999993,0.999999999998591
204.399999999993,0.999999999998591
204.499999999993,0.999999999998591
204.599999999993,0.999999999998591
204.699999999993,0.999999999998591
204.799999999993,0.999999999998591
204.899999999993,0.999999999998591
204.999999999993,0.999999999998591
205.099999999993,0.999999999998591
205.199999999993,0.999999999998591
205.299999999993,0.999999999998591
205.399999999993,0.999999999998591
205.499999999993,0.999999999998591
205.599999999993,0.999999999998591
205.699999999993,0.999999999998591
205.799999999993,0.999999999998591
205.899999999993,0.999999999998591
205.999999999993,0.999999999998591
206.099999999993,0.999999999998591
206.199999999993,0.999999999998591
206.299999999993,0.999999999998591
206.399999999993,0.999999999998591
206.499999999993,0.999999999998591
206.599999999993,0.999999999998591
206.699999999993,0.999999999998591
206.799999999993,0.999999999998591
206.899999999993,0.999999999998591
206.999999999993,0.999999999998591
207.099999999993,0.999999999998591
207.199999999993,0.999999999998591
207.299999999993,0.999999999998591
207.399999999993,0.999999999998591
207.499999999992,0.999999999998591
207.599999999992,0.999999999998591
207.699999999992,0.999999999998591
207.799999999992,0.999999999998591
207.899999999992,0.999999999998591
207.999999999992,0.999999999998591
208.099999999992,0.999999999998591
208.199999999992,0.999999999998591
208.299999999992,0.999999999998591
208.399999999992,0.999999999998591
208.499999999992,0.999999999998591
208.599999999992,0.999999999998591
208.699999999992,0.999999999998591
208.799999999992,0.999999999998591
208.899999999992,0.999999999998591
208.999999999992,0.999999999998591
209.099999999992,0.999999999998591
209.199999999992,0.999999999998591
209.299999999992,0.999999999998591
209.399999999992,0.999999999998591
209.499999999992,0.999999999998591
209.599999999992,0.999999999998591
209.699999999992,0.999999999998591
209.799999999992,0.999999999998591
209.899999999992,0.999999999998591
209.999999999992,0.999999999998591
210.099999999992,0.999999999998591
210.199999999992,0.999999999998591
210.299999999992,0.999999999998591
210.399999999992,0.999999999998591
210.499999999992,0.999999999998591
210.599999999992,0.999999999998591
210.699999999992,0.999999999998591
210.799999999992,0.999999999998591
210.899999999992,0.999999999998591
210.999999999992,0.999999999998591
211.099999999992,0.999999999998591
211.199999999992,0.999999999998591
211.299999999992,0.999999999998591
211.399999999992,0.999999999998591
211.499999999992,0.999999999998591
211.599999999992,0.999999999998591
211.699999999992,0.999999999998591
211.799999999992,0.999999999998591
211.899999999992,0.999999999998591
211.999999999992,0.999999999998591
212.099999999992,0.999999999998591
212.199999999992,0.999999999998591
212.299999999992,0.999999999998591
212.399999999992,0.999999999998591
212.499999999992,0.999999999998591
212.599999999992,0.999999999998591
212.699999999992,0.999999999998591
212.799999999992,0.999999999998591
212.899999999992,0.999999999998591
212.999999999992,0.999999999998591
213.099999999992,0.999999999998591
213.199999999992,0.999999999998591
213.299999999992,0.999999999998591
213.399999999992,0.999999999998591
213.499999999992,0.999999999998591
213.599999999992,0.999999999998591
213.699999999992,0.999999999998591
213.799999999992,0.999999999998591
213.899999999992,0.999999999998591
213.999999999992,0.999999999998591
214.099999999992,0.999999999998591
214.199999999992,0.999999999998591
214.299999999992,0.999999999998591
214.399999999992,0.999999999998591
214.499999999992,0.999999999998591
214.599999999992,0.999999999998591
214.699999999992,0.999999999998591
214.799999999992,0.999999999998591
214.899999999992,0.999999999998591
214.999999999992,0.999999999998591
215.099999999992,0.999999999998591
215.199999999992,0.999999999998591
215.299999999992,0.999999999998591
215.399999999992,0.999999999998591
215.499999999992,0.999999999998591
215.599999999992,0.999999999998591
215.699999999992,0.999999999998591
215.799999999992,0.999999999998591
215.899999999992,0.999999999998591
215.999999999992,0.999999999998591
216.099999999992,0.999999999998591
216.199999999992,0.999999999998591
216.299999999992,0.999999999998591
216.399999999992,0.999999999998591
216.499999999992,0.999999999998591
216.599999999992,0.999999999998591
216.699999999992,0.999999999998591
216.799999999992,0.999999999998591
216.899999999992,0.999999999998591
216.999999999992,0.999999999998591
217.099999999992,0.999999999998591
217.199999999992,0.999999999998591
217.299999999992,0.999999999998591
217.399999999992,0.999999999998591
217.499999999992,0.999999999998591
217.599999999992,0.999999999998591
217.699999999992,0.999999999998591
217.799999999992,0.999999999998591
217.899999999992,0.999999999998591
217.999999999992,0.999999999998591
218.099999999992,0.999999999998591
218.199999999992,0.999999999998591
218.299999999992,0.999999999998591
218.399999999992,0.999999999998591
218.499999999992,0.999999999998591
218.599999999992,0.999999999998591
218.699999999992,0.999999999998591
218.799999999992,0.999999999998591
218.899999999992,0.999999999998591
218.999999999992,0.999999999998591
219.099999999992,0.999999999998591
219.199999999992,0.999999999998591
219.299999999992,0.999999999998591
219.399999999992,0.999999999998591
219.499999999992,0.999999999998591
219.599999999992,0.999999999998591
219.699999999992,0.999999999998591
219.799999999992,0.999999999998591
219.899999999992,0.999999999998591
219.999999999992,0.999999999998591
220.099999999992,0.999999999998591
220.199999999992,0.999999999998591
220.299999999992,0.999999999998591
220.399999999992,0.999999999998591
220.499999999992,0.999999999998591
220.599999999992,0.999999999998591
220.699999999992,0.999999999998591
220.799999999992,0.999999999998591
220.899999999992,0.999999999998591
220.999999999992,0.999999999998591
221.099999999992,0.999999999998591
221.199999999992,0.999999999998591
221.299999999992,0.999999999998591
221.399999999992,0.999999999998591
221.499999999992,0.999999999998591
221.599999999992,0.999999999998591
221.699999999992,0.999999999998591
221.799999999992,0.999999999998591
221.899999999992,0.999999999998591
221.999999999992,0.999999999998591
222.099999999992,0.999999999998591
222.199999999992,0.999999999998591
222.299999999992,0.999999999998591
222.399999999992,0.999999999998591
222.499999999992,0.999999999998591
222.599999999992,0.999999999998591
222.699999999992,0.999999999998591
222.799999999992,0.999999999998591
222.899999999992,0.999999999998591
222.999999999992,0.999999999998591
223.099999999992,0.999999999998591
223.199999999992,0.999999999998591
223.299999999992,0.999999999998591
223.399999999992,0.999999999998591
223.499999999992,0.999999999998591
223.599999999992,0.999999999998591
223.699999999992,0.999999999998591
223.799999999992,0.999999999998591
223.899999999992,0.999999999998591
223.999999999992,0.999999999998591
224.099999999992,0.999999999998591
224.199999999992,0.999999999998591
224.299999999992,0.999999999998591
224.399999999992,0.999999999998591
224.499999999992,0.999999999998591
224.599999999992,0.999999999998591
224.699999999992,0.999999999998591
224.799999999992,0.999999999998591
224.899999999992,0.999999999998591
224.999999999992,0.999999999998591
225.099999999991,0.999999999998591
225.199999999991,0.999999999998591
225.299999999991,0.999999999998591
225.399999999991,0.999999999998591
225.499999999991,0.999999999998591
225.599999999991,0.999999999998591
225.699999999991,0.999999999998591
225.799999999991,0.999999999998591
225.899999999991,0.999999999998591
225.999999999991,0.999999999998591
226.099999999991,0.999999999998591
226.199999999991,0.999999999998591
226.299999999991,0.999999999998591
226.399999999991,0.999999999998591
226.499999999991,0.999999999998591
226.599999999991,0.999999999998591
226.699999999991,0.999999999998591
226.799999999991,0.999999999998591
226.899999999991,0.999999999998591
226.999999999991,0.999999999998591
227.099999999991,0.999999999998591
227.199999999991,0.999999999998591
227.299999999991,0.999999999998591
227.399999999991,0.999999999998591
227.499999999991,0.999999999998591
227.599999999991,0.999999999998591
227.699999999991,0.999999999998591
227.799999999991,0.999999999998591
227.899999999991,0.999999999998591
227.999999999991,0.999999999998591
228.099999999991,0.999999999998591
228.199999999991,0.999999999998591
228.299999999991,0.999999999998591
228.399999999991,0.999999999998591
228.499999999991,0.999999999998591
228.599999999991,0.999999999998591
228.699999999991,0.999999999998591
228.799999999991,0.999999999998591
228.899999999991,0.999999999998591
228.999999999991,0.999999999998591
229.099999999991,0.999999999998591
229.199999999991,0.999999999998591
229.299999999991,0.999999999998591
229.399999999991,0.999999999998591
229.499999999991,0.999999999998591
229.599999999991,0.999999999998591
229.699999999991,0.999999999998591
229.799999999991,0.999999999998591
229.899999999991,0.999999999998591
229.999999999991,0.999999999998591
230.099999999991,0.999999999998591
230.199999999991,0.999999999998591
230.299999999991,0.999999999998591
230.399999999991,0.999999999998591
230.499999999991,0.999999999998591
230.599999999991,0.999999999998591
230.699999999991,0.999999999998591
230.799999999991,0.999999999998591
230.899999999991,0.999999999998591
230.999999999991,0.999999999998591
231.099999999991,0.999999999998591
231.199999999991,0.999999999998591
231.299999999991,0.999999999998591
231.399999999991,0.999999999998591
231.499999999991,0.999999999998591
231.599999999991,0.999999999998591
231.699999999991,0.999999999998591
231.799999999991,0.999999999998591
231.899999999991,0.999999999998591
231.999999999991,0.999999999998591
232.099999999991,0.999999999998591
232.199999999991,0.999999999998591
232.299999999991,0.999999999998591
232.399999999991,0.999999999998591
232.499999999991,0.999999999998591
232.599999999991,0.999999999998591
232.699999999991,0.999999999998591
232.799999999991,0.999999999998591
232.899999999991,0.999999999998591
232.999999999991,0.999999999998591
233.099999999991,0.999999999998591
233.199999999991,0.999999999998591
233.299999999991,0.999999999998591
233.399999999991,0.999999999998591
233.499999999991,0.999999999998591
233.599999999991,0.999999999998591
233.699999999991,0.999999999998591
233.799999999991,0.999999999998591
233.899999999991,0.999999999998591
233.999999999991,0.999999999998591
234.099999999991,0.999999999998591
234.199999999991,0.999999999998591
234.299999999991,0.999999999998591
234.399999999991,0.999999999998591
234.499999999991,0.999999999998591
234.599999999991,0.999999999998591
234.699999999991,0.999999999998591
234.799999999991,0.999999999998591
234.899999999991,0.999999999998591
234.999999999991,0.999999999998591
235.099999999991,0.999999999998591
235.199999999991,0.999999999998591
235.299999999991,0.999999999998591
235.399999999991,0.999999999998591
235.499999999991,0.999999999998591
235.599999999991,0.999999999998591
235.699999999991,0.999999999998591
235.799999999991,0.999999999998591
235.899999999991,0.999999999998591
235.999999999991,0.999999999998591
236.099999999991,0.999999999998591
236.199999999991,0.999999999998591
236.299999999991,0.999999999998591
236.399999999991,0.999999999998591
236.499999999991,0.999999999998591
236.599999999991,0.999999999998591
236.699999999991,0.999999999998591
236.799999999991,0.999999999998591
236.899999999991,0.999999999998591
236.999999999991,0.999999999998591
237.099999999991,0.999999999998591
237.199999999991,0.999999999998591
237.299999999991,0.999999999998591
237.399999999991,0.999999999998591
237.499999999991,0.999999999998591
237.599999999991,0.999999999998591
237.699999999991,0.999999999998591
237.799999999991,0.999999999998591
237.899999999991,0.999999999998591
237.999999999991,0.999999999998591
238.099999999991,0.999999999998591
238.199999999991,0.999999999998591
238.299999999991,0.999999999998591
238.399999999991,0.999999999998591
238.499999999991,0.999999999998591
238.599999999991,0.999999999998591
238.699999999991,0.999999999998591
238.799999999991,0.999999999998591
238.899999999991,0.999999999998591
238.999999999991,0.999999999998591
239.099999999991,0.999999999998591
239.199999999991,0.999999999998591
239.299999999991,0.999999999998591
239.399999999991,0.999999999998591
239.499999999991,0.999999999998591
239.599999999991,0.999999999998591
239.699999999991,0.999999999998591
239.799999999991,0.999999999998591
239.899999999991,0.999999999998591
239.999999999991,0.999999999998591
240.099999999991,0.999999999998591
240.199999999991,0.999999999998591
240.299999999991,0.999999999998591
240.399999999991,0.999999999998591
240.499999999991,0.999999999998591
240.599999999991,0.999999999998591
240.699999999991,0.999999999998591
240.799999999991,0.999999999998591
240.899999999991,0.999999999998591
240.999999999991,0.999999999998591
241.099999999991,0.999999999998591
241.199999999991,0.999999999998591
241.299999999991,0.999999999998591
241.399999999991,0.999999999998591
241.499999999991,0.999999999998591
241.599999999991,0.999999999998591
241.699999999991,0.999999999998591
241.799999999991,0.999999999998591
241.899999999991,0.999999999998591
241.999999999991,0.999999999998591
242.099999999991,0.999999999998591
242.199999999991,0.999999999998591
242.299999999991,0.999999999998591
242.399999999991,0.999999999998591
242.499999999991,0.999999999998591
242.599999999991,0.999999999998591
242.69999999999,0.999999999998591
242.79999999999,0.999999999998591
242.89999999999,0.999999999998591
242.99999999999,0.999999999998591
243.09999999999,0.999999999998591
243.19999999999,0.999999999998591
243.29999999999,0.999999999998591
243.39999999999,0.999999999998591
243.49999999999,0.999999999998591
243.59999999999,0.999999999998591
243.69999999999,0.999999999998591
243.79999999999,0.999999999998591
243.89999999999,0.999999999998591
243.99999999999,0.999999999998591
244.09999999999,0.999999999998591
244.19999999999,0.999999999998591
244.29999999999,0.999999999998591
244.39999999999,0.999999999998591
244.49999999999,0.999999999998591
244.59999999999,0.999999999998591
244.69999999999,0.999999999998591
244.79999999999,0.999999999998591
244.89999999999,0.999999999998591
244.99999999999,0.999999999998591
245.09999999999,0.999999999998591
245.19999999999,0.999999999998591
245.29999999999,0.999999999998591
245.39999999999,0.999999999998591
245.49999999999,0.999999999998591
245.59999999999,0.999999999998591
245.69999999999,0.999999999998591
245.79999999999,0.999999999998591
245.89999999999,0.999999999998591
245.99999999999,0.999999999998591
246.09999999999,0.999999999998591
246.19999999999,0.999999999998591
246.29999999999,0.999999999998591
246.39999999999,0.999999999998591
246.49999999999,0.999999999998591
246.59999999999,0.999999999998591
246.69999999999,0.999999999998591
246.79999999999,0.999999999998591
246.89999999999,0.999999999998591
246.99999999999,0.999999999998591
247.09999999999,0.999999999998591
247.19999999999,0.999999999998591
247.29999999999,0.999999999998591
247.39999999999,0.999999999998591
247.49999999999,0.999999999998591
247.59999999999,0.999999999998591
247.69999999999,0.999999999998591
247.79999999999,0.999999999998591
247.89999999999,0.999999999998591
247.99999999999,0.999999999998591
248.09999999999,0.999999999998591
248.19999999999,0.999999999998591
248.29999999999,0.999999999998591
248.39999999999,0.999999999998591
248.49999999999,0.999999999998591
248.59999999999,0.999999999998591
248.69999999999,0.999999999998591
248.79999999999,0.999999999998591
248.89999999999,0.999999999998591
248.99999999999,0.999999999998591
249.09999999999,0.999999999998591
249.19999999999,0.999999999998591
249.29999999999,0.999999999998591
249.39999999999,0.999999999998591
249.49999999999,0.999999999998591
249.59999999999,0.999999999998591
249.69999999999,0.999999999998591
249.79999999999,0.999999999998591
249.89999999999,0.999999999998591
249.99999999999,0.999999999998591
250.09999999999,0.999999999998591
250.19999999999,0.999999999998591
250.29999999999,0.999999999998591
250.39999999999,0.999999999998591
250.49999999999,0.999999999998591
250.59999999999,0.999999999998591
250.69999999999,0.999999999998591
250.79999999999,0.999999999998591
250.89999999999,0.999999999998591
250.99999999999,0.999999999998591
251.09999999999,0.999999999998591
251.19999999999,0.999999999998591
251.29999999999,0.999999999998591
251.39999999999,0.999999999998591
251.49999999999,0.999999999998591
251.59999999999,0.999999999998591
251.69999999999,0.999999999998591
251.79999999999,0.999999999998591
251.89999999999,0.999999999998591
251.99999999999,0.999999999998591
252.09999999999,0.999999999998591
252.19999999999,0.999999999998591
252.29999999999,0.999999999998591
252.39999999999,0.999999999998591
252.49999999999,0.999999999998591
252.59999999999,0.999999999998591
252.69999999999,0.999999999998591
252.79999999999,0.999999999998591
252.89999999999,0.999999999998591
252.99999999999,0.999999999998591
253.09999999999,0.999999999998591
253.19999999999,0.999999999998591
253.29999999999,0.999999999998591
253.39999999999,0.999999999998591
253.49999999999,0.999999999998591
253.59999999999,0.999999999998591
253.69999999999,0.999999999998591
253.79999999999,0.999999999998591
253.89999999999,0.999999999998591
253.99999999999,0.999999999998591
254.09999999999,0.999999999998591
254.19999999999,0.999999999998591
254.29999999999,0.999999999998591
254.39999999999,0.999999999998591
254.49999999999,0.999999999998591
254.59999999999,0.999999999998591
254.69999999999,0.999999999998591
254.79999999999,0.999999999998591
254.89999999999,0.999999999998591
254.99999999999,0.999999999998591
255.09999999999,0.999999999998591
255.19999999999,0.999999999998591
255.29999999999,0.999999999998591
255.39999999999,0.999999999998591
255.49999999999,0.999999999998591
255.59999999999,0.999999999998591
255.69999999999,0.999999999998591
255.79999999999,0.999999999998591
255.89999999999,0.999999999998591
255.99999999999,0.999999999998591
256.09999999999,0.999999999998591
256.19999999999,0.999999999998591
256.29999999999,0.999999999998591
256.39999999999,0.999999999998591
256.49999999999,0.999999999998591
256.59999999999,0.999999999998591
256.69999999999,0.999999999998591
256.79999999999,0.999999999998591
256.89999999999,0.999999999998591
256.99999999999,0.999999999998591
257.09999999999,0.999999999998591
257.19999999999,0.999999999998591
257.29999999999,0.999999999998591
257.39999999999,0.999999999998591
257.49999999999,0.999999999998591
257.59999999999,0.999999999998591
257.69999999999,0.999999999998591
257.79999999999,0.999999999998591
257.89999999999,0.999999999998591
257.99999999999,0.999999999998591
258.09999999999,0.999999999998591
258.19999999999,0.999999999998591
258.29999999999,0.999999999998591
258.39999999999,0.999999999998591
258.49999999999,0.999999999998591
258.59999999999,0.999999999998591
258.69999999999,0.999999999998591
258.79999999999,0.999999999998591
258.89999999999,0.999999999998591
258.99999999999,0.999999999998591
259.09999999999,0.999999999998591
259.19999999999,0.999999999998591
259.29999999999,0.999999999998591
259.39999999999,0.999999999998591
259.499999999991,0.999999999998591
259.599999999991,0.999999999998591
259.699999999991,0.999999999998591
259.799999999991,0.999999999998591
259.899999999991,0.999999999998591
259.999999999991,0.999999999998591
260.099999999991,0.999999999998591
260.199999999991,0.999999999998591
260.299999999991,0.999999999998591
260.399999999991,0.999999999998591
260.499999999991,0.999999999998591
260.599999999991,0.999999999998591
260.699999999991,0.999999999998591
260.799999999991,0.999999999998591
260.899999999991,0.999999999998591
260.999999999991,0.999999999998591
261.099999999991,0.999999999998591
261.199999999991,0.999999999998591
261.299999999991,0.999999999998591
261.399999999991,0.999999999998591
261.499999999991,0.999999999998591
261.599999999991,0.999999999998591
261.699999999991,0.999999999998591
261.799999999991,0.999999999998591
261.899999999991,0.999999999998591
261.999999999991,0.999999999998591
262.099999999991,0.999999999998591
262.199999999991,0.999999999998591
262.299999999991,0.999999999998591
262.399999999991,0.999999999998591
262.499999999991,0.999999999998591
262.599999999991,0.999999999998591
262.699999999991,0.999999999998591
262.799999999991,0.999999999998591
262.899999999991,0.999999999998591
262.999999999991,0.999999999998591
263.099999999991,0.999999999998591
263.199999999991,0.999999999998591
263.299999999991,0.999999999998591
263.399999999991,0.999999999998591
263.499999999991,0.999999999998591
263.599999999991,0.999999999998591
263.699999999991,0.999999999998591
263.799999999991,0.999999999998591
263.899999999992,0.999999999998591
263.999999999992,0.999999999998591
264.099999999992,0.999999999998591
264.199999999992,0.999999999998591
264.299999999992,0.999999999998591
264.399999999992,0.999999999998591
264.499999999992,0.999999999998591
264.599999999992,0.999999999998591
264.699999999992,0.999999999998591
264.799999999992,0.999999999998591
264.899999999992,0.999999999998591
264.999999999992,0.999999999998591
265.099999999992,0.999999999998591
265.199999999992,0.999999999998591
265.299999999992,0.999999999998591
265.399999999992,0.999999999998591
265.499999999992,0.999999999998591
265.599999999992,0.999999999998591
265.699999999992,0.999999999998591
265.799999999992,0.999999999998591
265.899999999992,0.999999999998591
265.999999999992,0.999999999998591
266.099999999992,0.999999999998591
266.199999999992,0.999999999998591
266.299999999992,0.999999999998591
266.399999999992,0.999999999998591
266.499999999992,0.999999999998591
266.599999999992,0.999999999998591
266.699999999992,0.999999999998591
266.799999999992,0.999999999998591
266.899999999992,0.999999999998591
266.999999999992,0.999999999998591
267.099999999992,0.999999999998591
267.199999999992,0.999999999998591
267.299999999992,0.999999999998591
267.399999999992,0.999999999998591
267.499999999992,0.999999999998591
267.599999999992,0.999999999998591
267.699999999992,0.999999999998591
267.799999999992,0.999999999998591
267.899999999992,0.999999999998591
267.999999999992,0.999999999998591
268.099999999992,0.999999999998591
268.199999999992,0.999999999998591
268.299999999993,0.999999999998591
268.399999999993,0.999999999998591
268.499999999993,0.999999999998591
268.599999999993,0.999999999998591
268.699999999993,0.999999999998591
268.799999999993,0.999999999998591
268.899999999993,0.999999999998591
268.999999999993,0.999999999998591
269.099999999993,0.999999999998591
269.199999999993,0.999999999998591
269.299999999993,0.999999999998591
269.399999999993,0.999999999998591
269.499999999993,0.999999999998591
269.599999999993,0.999999999998591
269.699999999993,0.999999999998591
269.799999999993,0.999999999998591
269.899999999993,0.999999999998591
269.999999999993,0.999999999998591
270.099999999993,0.999999999998591
270.199999999993,0.999999999998591
270.299999999993,0.999999999998591
270.399999999993,0.999999999998591
270.499999999993,0.999999999998591
270.599999999993,0.999999999998591
270.699999999993,0.999999999998591
270.799999999993,0.999999999998591
270.899999999993,0.999999999998591
270.999999999993,0.999999999998591
271.099999999993,0.999999999998591
271.199999999993,0.999999999998591
271.299999999993,0.999999999998591
271.399999999993,0.999999999998591
271.499999999993,0.999999999998591
271.599999999993,0.999999999998591
271.699999999993,0.999999999998591
271.799999999993,0.999999999998591
271.899999999993,0.999999999998591
271.999999999993,0.999999999998591
272.099999999993,0.999999999998591
272.199999999993,0.999999999998591
272.299999999993,0.999999999998591
272.399999999993,0.999999999998591
272.499999999993,0.999999999998591
272.599999999993,0.999999999998591
272.699999999994,0.999999999998591
272.799999999994,0.999999999998591
272.899999999994,0.999999999998591
272.999999999994,0.999999999998591
273.099999999994,0.999999999998591
273.199999999994,0.999999999998591
273.299999999994,0.999999999998591
273.399999999994,0.999999999998591
273.499999999994,0.999999999998591
273.599999999994,0.999999999998591
273.699999999994,0.999999999998591
273.799999999994,0.999999999998591
273.899999999994,0.999999999998591
273.999999999994,0.999999999998591
274.099999999994,0.999999999998591
274.199999999994,0.999999999998591
274.299999999994,0.999999999998591
274.399999999994,0.999999999998591
274.499999999994,0.999999999998591
274.599999999994,0.999999999998591
274.699999999994,0.999999999998591
274.799999999994,0.999999999998591
274.899999999994,0.999999999998591
274.999999999994,0.999999999998591
275.099999999994,0.999999999998591
275.199999999994,0.999999999998591
275.299999999994,0.999999999998591
275.399999999994,0.999999999998591
275.499999999994,0.999999999998591
275.599999999994,0.999999999998591
275.699999999994,0.999999999998591
275.799999999994,0.999999999998591
275.899999999994,0.999999999998591
275.999999999994,0.999999999998591
276.099999999994,0.999999999998591
276.199999999994,0.999999999998591
276.299999999994,0.999999999998591
276.399999999994,0.999999999998591
276.499999999994,0.999999999998591
276.599999999994,0.999999999998591
276.699999999994,0.999999999998591
276.799999999994,0.999999999998591
276.899999999994,0.999999999998591
276.999999999994,0.999999999998591
277.099999999995,0.999999999998591
277.199999999995,0.999999999998591
277.299999999995,0.999999999998591
277.399999999995,0.999999999998591
277.499999999995,0.999999999998591
277.599999999995,0.999999999998591
277.699999999995,0.999999999998591
277.799999999995,0.999999999998591
277.899999999995,0.999999999998591
277.999999999995,0.999999999998591
278.099999999995,0.999999999998591
278.199999999995,0.999999999998591
278.299999999995,0.999999999998591
278.399999999995,0.999999999998591
278.499999999995,0.999999999998591
278.599999999995,0.999999999998591
278.699999999995,0.999999999998591
278.799999999995,0.999999999998591
278.899999999995,0.999999999998591
278.999999999995,0.999999999998591
279.099999999995,0.999999999998591
279.199999999995,0.999999999998591
279.299999999995,0.999999999998591
279.399999999995,0.999999999998591
279.499999999995,0.999999999998591
279.599999999995,0.999999999998591
279.699999999995,0.999999999998591
279.799999999995,0.999999999998591
279.899999999995,0.999999999998591
279.999999999995,0.999999999998591
280.099999999995,0.999999999998591
280.199999999995,0.999999999998591
280.299999999995,0.999999999998591
280.399999999995,0.999999999998591
280.499999999995,0.999999999998591
280.599999999995,0.999999999998591
280.699999999995,0.999999999998591
280.799999999995,0.999999999998591
280.899999999995,0.999999999998591
280.999999999995,0.999999999998591
281.099999999995,0.999999999998591
281.199999999995,0.999999999998591
281.299999999995,0.999999999998591
281.399999999995,0.999999999998591
281.499999999996,0.999999999998591
281.599999999996,0.999999999998591
281.699999999996,0.999999999998591
281.799999999996,0.999999999998591
281.899999999996,0.999999999998591
281.999999999996,0.999999999998591
282.099999999996,0.999999999998591
282.199999999996,0.999999999998591
282.299999999996,0.999999999998591
282.399999999996,0.999999999998591
282.499999999996,0.999999999998591
282.599999999996,0.999999999998591
282.699999999996,0.999999999998591
282.799999999996,0.999999999998591
282.899999999996,0.999999999998591
282.999999999996,0.999999999998591
283.099999999996,0.999999999998591
283.199999999996,0.999999999998591
283.299999999996,0.999999999998591
283.399999999996,0.999999999998591
283.499999999996,0.999999999998591
283.599999999996,0.999999999998591
283.699999999996,0.999999999998591
283.799999999996,0.999999999998591
283.899999999996,0.999999999998591
283.999999999996,0.999999999998591
284.099999999996,0.999999999998591
284.199999999996,0.999999999998591
284.299999999996,0.999999999998591
284.399999999996,0.999999999998591
284.499999999996,0.999999999998591
284.599999999996,0.999999999998591
284.699999999996,0.999999999998591
284.799999999996,0.999999999998591
284.899999999996,0.999999999998591
284.999999999996,0.999999999998591
285.099999999996,0.999999999998591
285.199999999996,0.999999999998591
285.299999999996,0.999999999998591
285.399999999996,0.999999999998591
285.499999999996,0.999999999998591
285.599999999996,0.999999999998591
285.699999999996,0.999999999998591
285.799999999996,0.999999999998591
285.899999999997,0.999999999998591
285.999999999997,0.999999999998591
286.099999999997,0.999999999998591
286.199999999997,0.999999999998591
286.299999999997,0.999999999998591
286.399999999997,0.999999999998591
286.499999999997,0.999999999998591
286.599999999997,0.999999999998591
286.699999999997,0.999999999998591
286.799999999997,0.999999999998591
286.899999999997,0.999999999998591
286.999999999997,0.999999999998591
287.099999999997,0.999999999998591
287.199999999997,0.999999999998591
287.299999999997,0.999999999998591
287.399999999997,0.999999999998591
287.499999999997,0.999999999998591
287.599999999997,0.999999999998591
287.699999999997,0.999999999998591
287.799999999997,0.999999999998591
287.899999999997,0.999999999998591
287.999999999997,0.999999999998591
288.099999999997,0.999999999998591
288.199999999997,0.999999999998591
288.299999999997,0.999999999998591
288.399999999997,0.999999999998591
288.499999999997,0.999999999998591
288.599999999997,0.999999999998591
288.699999999997,0.999999999998591
288.799999999997,0.999999999998591
288.899999999997,0.999999999998591
288.999999999997,0.999999999998591
289.099999999997,0.999999999998591
289.199999999997,0.999999999998591
289.299999999997,0.999999999998591
289.399999999997,0.999999999998591
289.499999999997,0.999999999998591
289.599999999997,0.999999999998591
289.699999999997,0.999999999998591
289.799999999997,0.999999999998591
289.899999999997,0.999999999998591
289.999999999997,0.999999999998591
290.099999999997,0.999999999998591
290.199999999997,0.999999999998591
290.299999999998,0.999999999998591
290.399999999998,0.999999999998591
290.499999999998,0.999999999998591
290.599999999998,0.999999999998591
290.699999999998,0.999999999998591
290.799999999998,0.999999999998591
290.899999999998,0.999999999998591
290.999999999998,0.999999999998591
291.099999999998,0.999999999998591
291.199999999998,0.999999999998591
291.299999999998,0.999999999998591
291.399999999998,0.999999999998591
291.499999999998,0.999999999998591
291.599999999998,0.999999999998591
291.699999999998,0.999999999998591
291.799999999998,0.999999999998591
291.899999999998,0.999999999998591
291.999999999998,0.999999999998591
292.099999999998,0.999999999998591
292.199999999998,0.999999999998591
292.299999999998,0.999999999998591
292.399999999998,0.999999999998591
292.499999999998,0.999999999998591
292.599999999998,0.999999999998591
292.699999999998,0.999999999998591
292.799999999998,0.999999999998591
292.899999999998,0.999999999998591
292.999999999998,0.999999999998591
293.099999999998,0.999999999998591
293.199999999998,0.999999999998591
293.299999999998,0.999999999998591
293.399999999998,0.999999999998591
293.499999999998,0.999999999998591
293.599999999998,0.999999999998591
293.699999999998,0.999999999998591
293.799999999998,0.999999999998591
293.899999999998,0.999999999998591
293.999999999998,0.999999999998591
294.099999999998,0.999999999998591
294.199999999998,0.999999999998591
294.299999999998,0.999999999998591
294.399999999998,0.999999999998591
294.499999999998,0.999999999998591
294.599999999998,0.999999999998591
294.699999999999,0.999999999998591
294.799999999999,0.999999999998591
294.899999999999,0.999999999998591
294.999999999999,0.999999999998591
295.099999999999,0.999999999998591
295.199999999999,0.999999999998591
295.299999999999,0.999999999998591
295.399999999999,0.999999999998591
295.499999999999,0.999999999998591
295.599999999999,0.999999999998591
295.699999999999,0.999999999998591
295.799999999999,0.999999999998591
295.899999999999,0.999999999998591
295.999999999999,0.999999999998591
296.099999999999,0.999999999998591
296.199999999999,0.999999999998591
296.299999999999,0.999999999998591
296.399999999999,0.999999999998591
296.499999999999,0.999999999998591
296.599999999999,0.999999999998591
296.699999999999,0.999999999998591
296.799999999999,0.999999999998591
296.899999999999,0.999999999998591
296.999999999999,0.999999999998591
297.099999999999,0.999999999998591
297.199999999999,0.999999999998591
297.299999999999,0.999999999998591
297.399999999999,0.999999999998591
297.499999999999,0.999999999998591
297.599999999999,0.999999999998591
297.699999999999,0.999999999998591
297.799999999999,0.999999999998591
297.899999999999,0.999999999998591
297.999999999999,0.999999999998591
298.099999999999,0.999999999998591
298.199999999999,0.999999999998591
298.299999999999,0.999999999998591
298.399999999999,0.999999999998591
298.499999999999,0.999999999998591
298.599999999999,0.999999999998591
298.699999999999,0.999999999998591
298.799999999999,0.999999999998591
298.899999999999,0.999999999998591
298.999999999999,0.999999999998591
299.1,0.999999999998591
299.2,0.999999999998591
299.3,0.999999999998591
299.4,0.999999999998591
299.5,0.999999999998591
299.6,0.999999999998591
299.7,0.999999999998591
299.8,0.999999999998591
299.9,0.999999999998591
300,0.999999999998591
300.1,0.999999999998591
300.2,0.999999999998591
300.3,0.999999999998591
300.4,0.999999999998591
300.5,0.999999999998591
300.6,0.999999999998591
300.7,0.999999999998591
300.8,0.999999999998591
300.9,0.999999999998591
301,0.999999999998591
301.1,0.999999999998591
301.2,0.999999999998591
301.3,0.999999999998591
301.4,0.999999999998591
301.5,0.999999999998591
301.6,0.999999999998591
301.7,0.999999999998591
301.8,0.999999999998591
301.9,0.999999999998591
302,0.999999999998591
302.1,0.999999999998591
302.2,0.999999999998591
302.3,0.999999999998591
302.4,0.999999999998591
302.5,0.999999999998591
302.6,0.999999999998591
302.7,0.999999999998591
302.8,0.999999999998591
302.9,0.999999999998591
303,0.999999999998591
303.1,0.999999999998591
303.2,0.999999999998591
303.3,0.999999999998591
303.4,0.999999999998591
303.500000000001,0.999999999998591
303.600000000001,0.999999999998591
303.700000000001,0.999999999998591
303.800000000001,0.999999999998591
303.900000000001,0.999999999998591
304.000000000001,0.999999999998591
304.100000000001,0.999999999998591
304.200000000001,0.999999999998591
304.300000000001,0.999999999998591
304.400000000001,0.999999999998591
304.500000000001,0.999999999998591
304.600000000001,0.999999999998591
304.700000000001,0.999999999998591
304.800000000001,0.999999999998591
304.900000000001,0.999999999998591
305.000000000001,0.999999999998591
305.100000000001,0.999999999998591
305.200000000001,0.999999999998591
305.300000000001,0.999999999998591
305.400000000001,0.999999999998591
305.500000000001,0.999999999998591
305.600000000001,0.999999999998591
305.700000000001,0.999999999998591
305.800000000001,0.999999999998591
305.900000000001,0.999999999998591
306.000000000001,0.999999999998591
306.100000000001,0.999999999998591
306.200000000001,0.999999999998591
306.300000000001,0.999999999998591
306.400000000001,0.999999999998591
306.500000000001,0.999999999998591
306.600000000001,0.999999999998591
306.700000000001,0.999999999998591
306.800000000001,0.999999999998591
306.900000000001,0.999999999998591
307.000000000001,0.999999999998591
307.100000000001,0.999999999998591
307.200000000001,0.999999999998591
307.300000000001,0.999999999998591
307.400000000001,0.999999999998591
307.500000000001,0.999999999998591
307.600000000001,0.999999999998591
307.700000000001,0.999999999998591
307.800000000001,0.999999999998591
307.900000000002,0.999999999998591
308.000000000002,0.999999999998591
308.100000000002,0.999999999998591
308.200000000002,0.999999999998591
308.300000000002,0.999999999998591
308.400000000002,0.999999999998591
308.500000000002,0.999999999998591
308.600000000002,0.999999999998591
308.700000000002,0.999999999998591
308.800000000002,0.999999999998591
308.900000000002,0.999999999998591
309.000000000002,0.999999999998591
309.100000000002,0.999999999998591
309.200000000002,0.999999999998591
309.300000000002,0.999999999998591
309.400000000002,0.999999999998591
309.500000000002,0.999999999998591
309.600000000002,0.999999999998591
309.700000000002,0.999999999998591
309.800000000002,0.999999999998591
309.900000000002,0.999999999998591
310.000000000002,0.999999999998591
310.100000000002,0.999999999998591
310.200000000002,0.999999999998591
310.300000000002,0.999999999998591
310.400000000002,0.999999999998591
310.500000000002,0.999999999998591
310.600000000002,0.999999999998591
310.700000000002,0.999999999998591
310.800000000002,0.999999999998591
310.900000000002,0.999999999998591
311.000000000002,0.999999999998591
311.100000000002,0.999999999998591
311.200000000002,0.999999999998591
311.300000000002,0.999999999998591
311.400000000002,0.999999999998591
311.500000000002,0.999999999998591
311.600000000002,0.999999999998591
311.700000000002,0.999999999998591
311.800000000002,0.999999999998591
311.900000000002,0.999999999998591
312.000000000002,0.999999999998591
312.100000000002,0.999999999998591
312.200000000002,0.999999999998591
312.300000000003,0.999999999998591
312.400000000003,0.999999999998591
312.500000000003,0.999999999998591
312.600000000003,0.999999999998591
312.700000000003,0.999999999998591
312.800000000003,0.999999999998591
312.900000000003,0.999999999998591
313.000000000003,0.999999999998591
313.100000000003,0.999999999998591
313.200000000003,0.999999999998591
313.300000000003,0.999999999998591
313.400000000003,0.999999999998591
313.500000000003,0.999999999998591
313.600000000003,0.999999999998591
313.700000000003,0.999999999998591
313.800000000003,0.999999999998591
313.900000000003,0.999999999998591
314.000000000003,0.999999999998591
314.100000000003,0.999999999998591
314.200000000003,0.999999999998591
314.300000000003,0.999999999998591
314.400000000003,0.999999999998591
314.500000000003,0.999999999998591
314.600000000003,0.999999999998591
314.700000000003,0.999999999998591
314.800000000003,0.999999999998591
314.900000000003,0.999999999998591
315.000000000003,0.999999999998591
315.100000000003,0.999999999998591
315.200000000003,0.999999999998591
315.300000000003,0.999999999998591
315.400000000003,0.999999999998591
315.500000000003,0.999999999998591
315.600000000003,0.999999999998591
315.700000000003,0.999999999998591
315.800000000003,0.999999999998591
315.900000000003,0.999999999998591
316.000000000003,0.999999999998591
316.100000000003,0.999999999998591
316.200000000003,0.999999999998591
316.300000000003,0.999999999998591
316.400000000003,0.999999999998591
316.500000000003,0.999999999998591
316.600000000003,0.999999999998591
316.700000000004,0.999999999998591
316.800000000004,0.999999999998591
316.900000000004,0.999999999998591
317.000000000004,0.999999999998591
317.100000000004,0.999999999998591
317.200000000004,0.999999999998591
317.300000000004,0.999999999998591
317.400000000004,0.999999999998591
317.500000000004,0.999999999998591
317.600000000004,0.999999999998591
317.700000000004,0.999999999998591
317.800000000004,0.999999999998591
317.900000000004,0.999999999998591
318.000000000004,0.999999999998591
318.100000000004,0.999999999998591
318.200000000004,0.999999999998591
318.300000000004,0.999999999998591
318.400000000004,0.999999999998591
318.500000000004,0.999999999998591
318.600000000004,0.999999999998591
318.700000000004,0.999999999998591
318.800000000004,0.999999999998591
318.900000000004,0.999999999998591
319.000000000004,0.999999999998591
319.100000000004,0.999999999998591
319.200000000004,0.999999999998591
319.300000000004,0.999999999998591
319.400000000004,0.999999999998591
319.500000000004,0.999999999998591
319.600000000004,0.999999999998591
319.700000000004,0.999999999998591
319.800000000004,0.999999999998591
319.900000000004,0.999999999998591
320.000000000004,0.999999999998591
320.100000000004,0.999999999998591
320.200000000004,0.999999999998591
320.300000000004,0.999999999998591
320.400000000004,0.999999999998591
320.500000000004,0.999999999998591
320.600000000004,0.999999999998591
320.700000000004,0.999999999998591
320.800000000004,0.999999999998591
320.900000000004,0.999999999998591
321.000000000004,0.999999999998591
321.100000000005,0.999999999998591
321.200000000005,0.999999999998591
321.300000000005,0.999999999998591
321.400000000005,0.999999999998591
321.500000000005,0.999999999998591
321.600000000005,0.999999999998591
321.700000000005,0.999999999998591
321.800000000005,0.999999999998591
321.900000000005,0.999999999998591
322.000000000005,0.999999999998591
322.100000000005,0.999999999998591
322.200000000005,0.999999999998591
322.300000000005,0.999999999998591
322.400000000005,0.999999999998591
322.500000000005,0.999999999998591
322.600000000005,0.999999999998591
322.700000000005,0.999999999998591
322.800000000005,0.999999999998591
322.900000000005,0.999999999998591
323.000000000005,0.999999999998591
323.100000000005,0.999999999998591
323.200000000005,0.999999999998591
323.300000000005,0.999999999998591
323.400000000005,0.999999999998591
323.500000000005,0.999999999998591
323.600000000005,0.999999999998591
323.700000000005,0.999999999998591
323.800000000005,0.999999999998591
323.900000000005,0.999999999998591
324.000000000005,0.999999999998591
324.100000000005,0.999999999998591
324.200000000005,0.999999999998591
324.300000000005,0.999999999998591
324.400000000005,0.999999999998591
324.500000000005,0.999999999998591
324.600000000005,0.999999999998591
324.700000000005,0.999999999998591
324.800000000005,0.999999999998591
324.900000000005,0.999999999998591
325.000000000005,0.999999999998591
325.100000000005,0.999999999998591
325.200000000005,0.999999999998591
325.300000000005,0.999999999998591
325.400000000005,0.999999999998591
325.500000000006,0.999999999998591
325.600000000006,0.999999999998591
325.700000000006,0.999999999998591
325.800000000006,0.999999999998591
325.900000000006,0.999999999998591
326.000000000006,0.999999999998591
326.100000000006,0.999999999998591
326.200000000006,0.999999999998591
326.300000000006,0.999999999998591
326.400000000006,0.999999999998591
326.500000000006,0.999999999998591
326.600000000006,0.999999999998591
326.700000000006,0.999999999998591
326.800000000006,0.999999999998591
326.900000000006,0.999999999998591
327.000000000006,0.999999999998591
327.100000000006,0.999999999998591
327.200000000006,0.999999999998591
327.300000000006,0.999999999998591
327.400000000006,0.999999999998591
327.500000000006,0.999999999998591
327.600000000006,0.999999999998591
327.700000000006,0.999999999998591
327.800000000006,0.999999999998591
327.900000000006,0.999999999998591
328.000000000006,0.999999999998591
328.100000000006,0.999999999998591
328.200000000006,0.999999999998591
328.300000000006,0.999999999998591
328.400000000006,0.999999999998591
328.500000000006,0.999999999998591
328.600000000006,0.999999999998591
328.700000000006,0.999999999998591
328.800000000006,0.999999999998591
328.900000000006,0.999999999998591
329.000000000006,0.999999999998591
329.100000000006,0.999999999998591
329.200000000006,0.999999999998591
329.300000000006,0.999999999998591
329.400000000006,0.999999999998591
329.500000000006,0.999999999998591
329.600000000006,0.999999999998591
329.700000000006,0.999999999998591
329.800000000006,0.999999999998591
329.900000000007,0.999999999998591
330.000000000007,0.999999999998591
330.100000000007,0.999999999998591
330.200000000007,0.999999999998591
330.300000000007,0.999999999998591
330.400000000007,0.999999999998591
330.500000000007,0.999999999998591
330.600000000007,0.999999999998591
330.700000000007,0.999999999998591
330.800000000007,0.999999999998591
330.900000000007,0.999999999998591
331.000000000007,0.999999999998591
331.100000000007,0.999999999998591
331.200000000007,0.999999999998591
331.300000000007,0.999999999998591
331.400000000007,0.999999999998591
331.500000000007,0.999999999998591
331.600000000007,0.999999999998591
331.700000000007,0.999999999998591
331.800000000007,0.999999999998591
331.900000000007,0.999999999998591
332.000000000007,0.999999999998591
332.100000000007,0.999999999998591
332.200000000007,0.999999999998591
332.300000000007,0.999999999998591
332.400000000007,0.999999999998591
332.500000000007,0.999999999998591
332.600000000007,0.999999999998591
332.700000000007,0.999999999998591
332.800000000007,0.999999999998591
332.900000000007,0.999999999998591
333.000000000007,0.999999999998591
333.100000000007,0.999999999998591
333.200000000007,0.999999999998591
333.300000000007,0.999999999998591
333.400000000007,0.999999999998591
333.500000000007,0.999999999998591
333.600000000007,0.999999999998591
333.700000000007,0.999999999998591
333.800000000007,0.999999999998591
333.900000000007,0.999999999998591
334.000000000007,0.999999999998591
334.100000000007,0.999999999998591
334.200000000007,0.999999999998591
334.300000000008,0.999999999998591
334.400000000008,0.999999999998591
334.500000000008,0.999999999998591
334.600000000008,0.999999999998591
334.700000000008,0.999999999998591
334.800000000008,0.999999999998591
334.900000000008,0.999999999998591
335.000000000008,0.999999999998591
335.100000000008,0.999999999998591
335.200000000008,0.999999999998591
335.300000000008,0.999999999998591
335.400000000008,0.999999999998591
335.500000000008,0.999999999998591
335.600000000008,0.999999999998591
335.700000000008,0.999999999998591
335.800000000008,0.999999999998591
335.900000000008,0.999999999998591
336.000000000008,0.999999999998591
336.100000000008,0.999999999998591
336.200000000008,0.999999999998591
336.300000000008,0.999999999998591
336.400000000008,0.999999999998591
336.500000000008,0.999999999998591
336.600000000008,0.999999999998591
336.700000000008,0.999999999998591
336.800000000008,0.999999999998591
336.900000000008,0.999999999998591
337.000000000008,0.999999999998591
337.100000000008,0.999999999998591
337.200000000008,0.999999999998591
337.300000000008,0.999999999998591
337.400000000008,0.999999999998591
337.500000000008,0.999999999998591
337.600000000008,0.999999999998591
337.700000000008,0.999999999998591
337.800000000008,0.999999999998591
337.900000000008,0.999999999998591
338.000000000008,0.999999999998591
338.100000000008,0.999999999998591
338.200000000008,0.999999999998591
338.300000000008,0.999999999998591
338.400000000008,0.999999999998591
338.500000000008,0.999999999998591
338.600000000008,0.999999999998591
338.700000000009,0.999999999998591
338.800000000009,0.999999999998591
338.900000000009,0.999999999998591
339.000000000009,0.999999999998591
339.100000000009,0.999999999998591
339.200000000009,0.999999999998591
339.300000000009,0.999999999998591
339.400000000009,0.999999999998591
339.500000000009,0.999999999998591
339.600000000009,0.999999999998591
339.700000000009,0.999999999998591
339.800000000009,0.999999999998591
339.900000000009,0.999999999998591
340.000000000009,0.999999999998591
340.100000000009,0.999999999998591
340.200000000009,0.999999999998591
340.300000000009,0.999999999998591
340.400000000009,0.999999999998591
340.500000000009,0.999999999998591
340.600000000009,0.999999999998591
340.700000000009,0.999999999998591
340.800000000009,0.999999999998591
340.900000000009,0.999999999998591
341.000000000009,0.999999999998591
341.100000000009,0.999999999998591
341.200000000009,0.999999999998591
341.300000000009,0.999999999998591
341.400000000009,0.999999999998591
341.500000000009,0.999999999998591
341.600000000009,0.999999999998591
341.700000000009,0.999999999998591
341.800000000009,0.999999999998591
341.900000000009,0.999999999998591
342.000000000009,0.999999999998591
342.100000000009,0.999999999998591
342.200000000009,0.999999999998591
342.300000000009,0.999999999998591
342.400000000009,0.999999999998591
342.500000000009,0.999999999998591
342.600000000009,0.999999999998591
342.700000000009,0.999999999998591
342.800000000009,0.999999999998591
342.900000000009,0.999999999998591
343.000000000009,0.999999999998591
343.10000000001,0.999999999998591
343.20000000001,0.999999999998591
343.30000000001,0.999999999998591
343.40000000001,0.999999999998591
343.50000000001,0.999999999998591
343.60000000001,0.999999999998591
343.70000000001,0.999999999998591
343.80000000001,0.999999999998591
343.90000000001,0.999999999998591
344.00000000001,0.999999999998591
344.10000000001,0.999999999998591
344.20000000001,0.999999999998591
344.30000000001,0.999999999998591
344.40000000001,0.999999999998591
344.50000000001,0.999999999998591
344.60000000001,0.999999999998591
344.70000000001,0.999999999998591
344.80000000001,0.999999999998591
344.90000000001,0.999999999998591
345.00000000001,0.999999999998591
345.10000000001,0.999999999998591
345.20000000001,0.999999999998591
345.30000000001,0.999999999998591
345.40000000001,0.999999999998591
345.50000000001,0.999999999998591
345.60000000001,0.999999999998591
345.70000000001,0.999999999998591
345.80000000001,0.999999999998591
345.90000000001,0.999999999998591
346.00000000001,0.999999999998591
346.10000000001,0.999999999998591
346.20000000001,0.999999999998591
346.30000000001,0.999999999998591
346.40000000001,0.999999999998591
346.50000000001,0.999999999998591
346.60000000001,0.999999999998591
346.70000000001,0.999999999998591
346.80000000001,0.999999999998591
346.90000000001,0.999999999998591
347.00000000001,0.999999999998591
347.10000000001,0.999999999998591
347.20000000001,0.999999999998591
347.30000000001,0.999999999998591
347.40000000001,0.999999999998591
347.500000000011,0.999999999998591
347.600000000011,0.999999999998591
347.700000000011,0.999999999998591
347.800000000011,0.999999999998591
347.900000000011,0.999999999998591
348.000000000011,0.999999999998591
348.100000000011,0.999999999998591
348.200000000011,0.999999999998591
348.300000000011,0.999999999998591
348.400000000011,0.999999999998591
348.500000000011,0.999999999998591
348.600000000011,0.999999999998591
348.700000000011,0.999999999998591
348.800000000011,0.999999999998591
348.900000000011,0.999999999998591
349.000000000011,0.999999999998591
349.100000000011,0.999999999998591
349.200000000011,0.999999999998591
349.300000000011,0.999999999998591
349.400000000011,0.999999999998591
349.500000000011,0.999999999998591
349.600000000011,0.999999999998591
349.700000000011,0.999999999998591
349.800000000011,0.999999999998591
349.900000000011,0.999999999998591
350.000000000011,0.999999999998591
350.100000000011,0.999999999998591
350.200000000011,0.999999999998591
350.300000000011,0.999999999998591
350.400000000011,0.999999999998591
350.500000000011,0.999999999998591
350.600000000011,0.999999999998591
350.700000000011,0.999999999998591
350.800000000011,0.999999999998591
350.900000000011,0.999999999998591
351.000000000011,0.999999999998591
351.100000000011,0.999999999998591
351.200000000011,0.999999999998591
351.300000000011,0.999999999998591
351.400000000011,0.999999999998591
351.500000000011,0.999999999998591
351.600000000011,0.999999999998591
351.700000000011,0.999999999998591
351.800000000011,0.999999999998591
351.900000000012,0.999999999998591
352.000000000012,0.999999999998591
352.100000000012,0.999999999998591
352.200000000012,0.999999999998591
352.300000000012,0.999999999998591
352.400000000012,0.999999999998591
352.500000000012,0.999999999998591
352.600000000012,0.999999999998591
352.700000000012,0.999999999998591
352.800000000012,0.999999999998591
352.900000000012,0.999999999998591
353.000000000012,0.999999999998591
353.100000000012,0.999999999998591
353.200000000012,0.999999999998591
353.300000000012,0.999999999998591
353.400000000012,0.999999999998591
353.500000000012,0.999999999998591
353.600000000012,0.999999999998591
353.700000000012,0.999999999998591
353.800000000012,0.999999999998591
353.900000000012,0.999999999998591
354.000000000012,0.999999999998591
354.100000000012,0.999999999998591
354.200000000012,0.999999999998591
354.300000000012,0.999999999998591
354.400000000012,0.999999999998591
354.500000000012,0.999999999998591
354.600000000012,0.999999999998591
354.700000000012,0.999999999998591
354.800000000012,0.999999999998591
354.900000000012,0.999999999998591
355.000000000012,0.999999999998591
355.100000000012,0.999999999998591
355.200000000012,0.999999999998591
355.300000000012,0.999999999998591
355.400000000012,0.999999999998591
355.500000000012,0.999999999998591
355.600000000012,0.999999999998591
355.700000000012,0.999999999998591
355.800000000012,0.999999999998591
355.900000000012,0.999999999998591
356.000000000012,0.999999999998591
356.100000000012,0.999999999998591
356.200000000012,0.999999999998591
356.300000000013,0.999999999998591
356.400000000013,0.999999999998591
356.500000000013,0.999999999998591
356.600000000013,0.999999999998591
356.700000000013,0.999999999998591
356.800000000013,0.999999999998591
356.900000000013,0.999999999998591
357.000000000013,0.999999999998591
357.100000000013,0.999999999998591
357.200000000013,0.999999999998591
357.300000000013,0.999999999998591
357.400000000013,0.999999999998591
357.500000000013,0.999999999998591
357.600000000013,0.999999999998591
357.700000000013,0.999999999998591
357.800000000013,0.999999999998591
357.900000000013,0.999999999998591
358.000000000013,0.999999999998591
358.100000000013,0.999999999998591
358.200000000013,0.999999999998591
358.300000000013,0.999999999998591
358.400000000013,0.999999999998591
358.500000000013,0.999999999998591
358.600000000013,0.999999999998591
358.700000000013,0.999999999998591
358.800000000013,0.999999999998591
358.900000000013,0.999999999998591
359.000000000013,0.999999999998591
359.100000000013,0.999999999998591
359.200000000013,0.999999999998591
359.300000000013,0.999999999998591
359.400000000013,0.999999999998591
359.500000000013,0.999999999998591
359.600000000013,0.999999999998591
359.700000000013,0.999999999998591
359.800000000013,0.999999999998591
359.900000000013,0.999999999998591
360.000000000013,0.999999999998591
360.100000000013,0.999999999998591
360.200000000013,0.999999999998591
360.300000000013,0.999999999998591
360.400000000013,0.999999999998591
360.500000000013,0.999999999998591
360.600000000013,0.999999999998591
360.700000000014,0.999999999998591
360.800000000014,0.999999999998591
360.900000000014,0.999999999998591
361.000000000014,0.999999999998591
361.100000000014,0.999999999998591
361.200000000014,0.999999999998591
361.300000000014,0.999999999998591
361.400000000014,0.999999999998591
361.500000000014,0.999999999998591
361.600000000014,0.999999999998591
361.700000000014,0.999999999998591
361.800000000014,0.999999999998591
361.900000000014,0.999999999998591
362.000000000014,0.999999999998591
362.100000000014,0.999999999998591
362.200000000014,0.999999999998591
362.300000000014,0.999999999998591
362.400000000014,0.999999999998591
362.500000000014,0.999999999998591
362.600000000014,0.999999999998591
362.700000000014,0.999999999998591
362.800000000014,0.999999999998591
362.900000000014,0.999999999998591
363.000000000014,0.999999999998591
363.100000000014,0.999999999998591
363.200000000014,0.999999999998591
363.300000000014,0.999999999998591
363.400000000014,0.999999999998591
363.500000000014,0.999999999998591
363.600000000014,0.999999999998591
363.700000000014,0.999999999998591
363.800000000014,0.999999999998591
363.900000000014,0.999999999998591
364.000000000014,0.999999999998591
364.100000000014,0.999999999998591
364.200000000014,0.999999999998591
364.300000000014,0.999999999998591
364.400000000014,0.999999999998591
364.500000000014,0.999999999998591
364.600000000014,0.999999999998591
364.700000000014,0.999999999998591
364.800000000014,0.999999999998591
364.900000000014,0.999999999998591
365.000000000014,0.999999999998591
365.100000000015,0.999999999998591
365.200000000015,0.999999999998591
365.300000000015,0.999999999998591
365.400000000015,0.999999999998591
365.500000000015,0.999999999998591
365.600000000015,0.999999999998591
365.700000000015,0.999999999998591
365.800000000015,0.999999999998591
365.900000000015,0.999999999998591
366.000000000015,0.999999999998591
366.100000000015,0.999999999998591
366.200000000015,0.999999999998591
366.300000000015,0.999999999998591
366.400000000015,0.999999999998591
366.500000000015,0.999999999998591
366.600000000015,0.999999999998591
366.700000000015,0.999999999998591
366.800000000015,0.999999999998591
366.900000000015,0.999999999998591
367.000000000015,0.999999999998591
367.100000000015,0.999999999998591
367.200000000015,0.999999999998591
367.300000000015,0.999999999998591
367.400000000015,0.999999999998591
367.500000000015,0.999999999998591
367.600000000015,0.999999999998591
367.700000000015,0.999999999998591
367.800000000015,0.999999999998591
367.900000000015,0.999999999998591
368.000000000015,0.999999999998591
368.100000000015,0.999999999998591
368.200000000015,0.999999999998591
368.300000000015,0.999999999998591
368.400000000015,0.999999999998591
368.500000000015,0.999999999998591
368.600000000015,0.999999999998591
368.700000000015,0.999999999998591
368.800000000015,0.999999999998591
368.900000000015,0.999999999998591
369.000000000015,0.999999999998591
369.100000000015,0.999999999998591
369.200000000015,0.999999999998591
369.300000000015,0.999999999998591
369.400000000015,0.999999999998591
369.500000000016,0.999999999998591
369.600000000016,0.999999999998591
369.700000000016,0.999999999998591
369.800000000016,0.999999999998591
369.900000000016,0.999999999998591
370.000000000016,0.999999999998591
370.100000000016,0.999999999998591
370.200000000016,0.999999999998591
370.300000000016,0.999999999998591
370.400000000016,0.999999999998591
370.500000000016,0.999999999998591
370.600000000016,0.999999999998591
370.700000000016,0.999999999998591
370.800000000016,0.999999999998591
370.900000000016,0.999999999998591
371.000000000016,0.999999999998591
371.100000000016,0.999999999998591
371.200000000016,0.999999999998591
371.300000000016,0.999999999998591
371.400000000016,0.999999999998591
371.500000000016,0.999999999998591
371.600000000016,0.999999999998591
371.700000000016,0.999999999998591
371.800000000016,0.999999999998591
371.900000000016,0.999999999998591
372.000000000016,0.999999999998591
372.100000000016,0.999999999998591
372.200000000016,0.999999999998591
372.300000000016,0.999999999998591
372.400000000016,0.999999999998591
372.500000000016,0.999999999998591
372.600000000016,0.999999999998591
372.700000000016,0.999999999998591
372.800000000016,0.999999999998591
372.900000000016,0.999999999998591
373.000000000016,0.999999999998591
373.100000000016,0.999999999998591
373.200000000016,0.999999999998591
373.300000000016,0.999999999998591
373.400000000016,0.999999999998591
373.500000000016,0.999999999998591
373.600000000016,0.999999999998591
373.700000000016,0.999999999998591
373.800000000016,0.999999999998591
373.900000000017,0.999999999998591
374.000000000017,0.999999999998591
374.100000000017,0.999999999998591
374.200000000017,0.999999999998591
374.300000000017,0.999999999998591
374.400000000017,0.999999999998591
374.500000000017,0.999999999998591
374.600000000017,0.999999999998591
374.700000000017,0.999999999998591
374.800000000017,0.999999999998591
374.900000000017,0.999999999998591
375.000000000017,0.999999999998591
375.100000000017,0.999999999998591
375.200000000017,0.999999999998591
375.300000000017,0.999999999998591
375.400000000017,0.999999999998591
375.500000000017,0.999999999998591
375.600000000017,0.999999999998591
375.700000000017,0.999999999998591
375.800000000017,0.999999999998591
375.900000000017,0.999999999998591
376.000000000017,0.999999999998591
376.100000000017,0.999999999998591
376.200000000017,0.999999999998591
376.300000000017,0.999999999998591
376.400000000017,0.999999999998591
376.500000000017,0.999999999998591
376.600000000017,0.999999999998591
376.700000000017,0.999999999998591
376.800000000017,0.999999999998591
376.900000000017,0.999999999998591
377.000000000017,0.999999999998591
377.100000000017,0.999999999998591
377.200000000017,0.999999999998591
377.300000000017,0.999999999998591
377.400000000017,0.999999999998591
377.500000000017,0.999999999998591
377.600000000017,0.999999999998591
377.700000000017,0.999999999998591
377.800000000017,0.999999999998591
377.900000000017,0.999999999998591
378.000000000017,0.999999999998591
378.100000000017,0.999999999998591
378.200000000017,0.999999999998591
378.300000000018,0.999999999998591
378.400000000018,0.999999999998591
378.500000000018,0.999999999998591
378.600000000018,0.999999999998591
378.700000000018,0.999999999998591
378.800000000018,0.999999999998591
378.900000000018,0.999999999998591
379.000000000018,0.999999999998591
379.100000000018,0.999999999998591
379.200000000018,0.999999999998591
379.300000000018,0.999999999998591
379.400000000018,0.999999999998591
379.500000000018,0.999999999998591
379.600000000018,0.999999999998591
379.700000000018,0.999999999998591
379.800000000018,0.999999999998591
379.900000000018,0.999999999998591
380.000000000018,0.999999999998591
380.100000000018,0.999999999998591
380.200000000018,0.999999999998591
380.300000000018,0.999999999998591
380.400000000018,0.999999999998591
380.500000000018,0.999999999998591
380.600000000018,0.999999999998591
380.700000000018,0.999999999998591
380.800000000018,0.999999999998591
380.900000000018,0.999999999998591
381.000000000018,0.999999999998591
381.100000000018,0.999999999998591
381.200000000018,0.999999999998591
381.300000000018,0.999999999998591
381.400000000018,0.999999999998591
381.500000000018,0.999999999998591
381.600000000018,0.999999999998591
381.700000000018,0.999999999998591
381.800000000018,0.999999999998591
381.900000000018,0.999999999998591
382.000000000018,0.999999999998591
382.100000000018,0.999999999998591
382.200000000018,0.999999999998591
382.300000000018,0.999999999998591
382.400000000018,0.999999999998591
382.500000000018,0.999999999998591
382.600000000018,0.999999999998591
382.700000000019,0.999999999998591
382.800000000019,0.999999999998591
382.900000000019,0.999999999998591
383.000000000019,0.999999999998591
383.100000000019,0.999999999998591
383.200000000019,0.999999999998591
383.300000000019,0.999999999998591
383.400000000019,0.999999999998591
383.500000000019,0.999999999998591
383.600000000019,0.999999999998591
383.700000000019,0.999999999998591
383.800000000019,0.999999999998591
383.900000000019,0.999999999998591
384.000000000019,0.999999999998591
384.100000000019,0.999999999998591
384.200000000019,0.999999999998591
384.300000000019,0.999999999998591
384.400000000019,0.999999999998591
384.500000000019,0.999999999998591
384.600000000019,0.999999999998591
384.700000000019,0.999999999998591
384.800000000019,0.999999999998591
384.900000000019,0.999999999998591
385.000000000019,0.999999999998591
385.100000000019,0.999999999998591
385.200000000019,0.999999999998591
385.300000000019,0.999999999998591
385.400000000019,0.999999999998591
385.500000000019,0.999999999998591
385.600000000019,0.999999999998591
385.700000000019,0.999999999998591
385.800000000019,0.999999999998591
385.900000000019,0.999999999998591
386.000000000019,0.999999999998591
386.100000000019,0.999999999998591
386.200000000019,0.999999999998591
386.300000000019,0.999999999998591
386.400000000019,0.999999999998591
386.500000000019,0.999999999998591
386.600000000019,0.999999999998591
386.700000000019,0.999999999998591
386.800000000019,0.999999999998591
386.900000000019,0.999999999998591
387.000000000019,0.999999999998591
387.10000000002,0.999999999998591
387.20000000002,0.999999999998591
387.30000000002,0.999999999998591
387.40000000002,0.999999999998591
387.50000000002,0.999999999998591
387.60000000002,0.999999999998591
387.70000000002,0.999999999998591
387.80000000002,0.999999999998591
387.90000000002,0.999999999998591
388.00000000002,0.999999999998591
388.10000000002,0.999999999998591
388.20000000002,0.999999999998591
388.30000000002,0.999999999998591
388.40000000002,0.999999999998591
388.50000000002,0.999999999998591
388.60000000002,0.999999999998591
388.70000000002,0.999999999998591
388.80000000002,0.999999999998591
388.90000000002,0.999999999998591
389.00000000002,0.999999999998591
389.10000000002,0.999999999998591
389.20000000002,0.999999999998591
389.30000000002,0.999999999998591
389.40000000002,0.999999999998591
389.50000000002,0.999999999998591
389.60000000002,0.999999999998591
389.70000000002,0.999999999998591
389.80000000002,0.999999999998591
389.90000000002,0.999999999998591
390.00000000002,0.999999999998591
390.10000000002,0.999999999998591
390.20000000002,0.999999999998591
390.30000000002,0.999999999998591
390.40000000002,0.999999999998591
390.50000000002,0.999999999998591
390.60000000002,0.999999999998591
390.70000000002,0.999999999998591
390.80000000002,0.999999999998591
390.90000000002,0.999999999998591
391.00000000002,0.999999999998591
391.10000000002,0.999999999998591
391.20000000002,0.999999999998591
391.30000000002,0.999999999998591
391.40000000002,0.999999999998591
391.500000000021,0.999999999998591
391.600000000021,0.999999999998591
391.700000000021,0.999999999998591
391.800000000021,0.999999999998591
391.900000000021,0.999999999998591
392.000000000021,0.999999999998591
392.100000000021,0.999999999998591
392.200000000021,0.999999999998591
392.300000000021,0.999999999998591
392.400000000021,0.999999999998591
392.500000000021,0.999999999998591
392.600000000021,0.999999999998591
392.700000000021,0.999999999998591
392.800000000021,0.999999999998591
392.900000000021,0.999999999998591
393.000000000021,0.999999999998591
393.100000000021,0.999999999998591
393.200000000021,0.999999999998591
393.300000000021,0.999999999998591
393.400000000021,0.999999999998591
393.500000000021,0.999999999998591
393.600000000021,0.999999999998591
393.700000000021,0.999999999998591
393.800000000021,0.999999999998591
393.900000000021,0.999999999998591
394.000000000021,0.999999999998591
394.100000000021,0.999999999998591
394.200000000021,0.999999999998591
394.300000000021,0.999999999998591
394.400000000021,0.999999999998591
394.500000000021,0.999999999998591
394.600000000021,0.999999999998591
394.700000000021,0.999999999998591
394.800000000021,0.999999999998591
394.900000000021,0.999999999998591
395.000000000021,0.999999999998591
395.100000000021,0.999999999998591
395.200000000021,0.999999999998591
395.300000000021,0.999999999998591
395.400000000021,0.999999999998591
395.500000000021,0.999999999998591
395.600000000021,0.999999999998591
395.700000000021,0.999999999998591
395.800000000021,0.999999999998591
395.900000000022,0.999999999998591
396.000000000022,0.999999999998591
396.100000000022,0.999999999998591
396.200000000022,0.999999999998591
396.300000000022,0.999999999998591
396.400000000022,0.999999999998591
396.500000000022,0.999999999998591
396.600000000022,0.999999999998591
396.700000000022,0.999999999998591
396.800000000022,0.999999999998591
396.900000000022,0.999999999998591
397.000000000022,0.999999999998591
397.100000000022,0.999999999998591
397.200000000022,0.999999999998591
397.300000000022,0.999999999998591
397.400000000022,0.999999999998591
397.500000000022,0.999999999998591
397.600000000022,0.999999999998591
397.700000000022,0.999999999998591
397.800000000022,0.999999999998591
397.900000000022,0.999999999998591
398.000000000022,0.999999999998591
398.100000000022,0.999999999998591
398.200000000022,0.999999999998591
398.300000000022,0.999999999998591
398.400000000022,0.999999999998591
398.500000000022,0.999999999998591
398.600000000022,0.999999999998591
398.700000000022,0.999999999998591
398.800000000022,0.999999999998591
398.900000000022,0.999999999998591
399.000000000022,0.999999999998591
399.100000000022,0.999999999998591
399.200000000022,0.999999999998591
399.300000000022,0.999999999998591
399.400000000022,0.999999999998591
399.500000000022,0.999999999998591
399.600000000022,0.999999999998591
399.700000000022,0.999999999998591
399.800000000022,0.999999999998591
399.900000000022,0.999999999998591
400.000000000022,0.999999999998591
