0,0
0.1,3.60272486370424e-13
0.2,4.78057696054004e-09
0.3,7.65006612314761e-07
0.4,2.09911209541519e-05
0.5,0.000226283827877369
0.6,0.00135829541470886
0.7,0.0054280371401511
0.8,0.0160617084608335
0.9,0.0377495100437542
1,0.0740507002433542
1.1,0.125780772136072
1.2,0.190310583652743
1.3,0.262320545181378
1.4,0.335469212035512
1.5,0.404096081112274
1.6,0.464314368674074
1.7,0.514313376480747
1.8,0.554052288936493
1.9,0.584663756715359
2,0.607842430000861
2.1,0.625374955513577
2.2,0.638855887197747
2.3,0.649564253817298
2.4,0.658448741709606
2.5,0.666170778147295
2.6,0.673168431660923
2.7,0.679719318473425
2.8,0.685992627456909
2.9,0.692087834731312
3,0.698061439101919
3.1,0.70394439186405
3.2,0.709752940849586
3.3,0.715495117094557
3.4,0.721174485930646
3.5,0.726792252837651
3.6,0.732348415046161
3.7,0.737842376741496
3.8,0.743273270934958
3.9,0.748640124799865
4,0.75394194328092
4.1,0.759177750860528
4.2,0.764346612267973
4.3,0.769447642744018
4.4,0.774480013178819
4.5,0.779442952742408
4.6,0.784335750277432
4.7,0.789157755060582
4.8,0.793908377218334
4.9,0.798587087929864
5,0.803193419478245
5.1,0.807726965177879
5.2,0.812187379191049
5.3,0.816574376239753
5.4,0.820887731216157
5.5,0.82512727869383
5.6,0.829292912341628
5.7,0.833384584242046
5.8,0.837402304116006
5.9,0.841346138456286
5.99999999999999,0.845216209571959
6.09999999999999,0.84901269454651
6.19999999999999,0.852735824112486
6.29999999999999,0.85638588144577
6.39999999999999,0.859963200882798
6.49999999999999,0.863468166564231
6.59999999999999,0.866901211008804
6.69999999999999,0.870262813621237
6.79999999999999,0.873553499138306
6.89999999999999,0.876773836017273
6.99999999999999,0.879924434771088
7.09999999999999,0.883005946254848
7.19999999999999,0.886019059908145
7.29999999999999,0.888964501958032
7.39999999999999,0.891843033587408
7.49999999999999,0.894655449073709
7.59999999999999,0.897402573902816
7.69999999999999,0.900085262863151
7.79999999999999,0.902704398124928
7.89999999999999,0.905260887309532
7.99999999999999,0.907755661553974
8.09999999999999,0.910189673575337
8.19999999999999,0.912563895740073
8.29999999999999,0.914879318142925
8.39999999999999,0.917136946700177
8.49999999999999,0.919337801261817
8.59999999999999,0.921482913747076
8.69999999999999,0.923573326307672
8.79999999999998,0.92561008952292
8.89999999999998,0.92759426063073
8.99999999999998,0.9295269017983
9.09999999999998,0.93140907843613
9.19999999999998,0.933241857558793
9.29999999999998,0.935026306195654
9.39999999999998,0.936763489854503
9.49999999999998,0.938454471040875
9.59999999999998,0.940100307835505
9.69999999999998,0.941702052532214
9.79999999999998,0.943260750338164
9.89999999999998,0.944777438138262
9.99999999999998,0.94625314332513
10.1,0.947688882695882
10.2,0.949085661416624
10.3,0.950444472055353
10.4,0.951766293683672
10.5,0.953052091047467
10.6,0.954302813806452
10.7,0.955519395842228
10.8,0.956702754634269
10.9,0.957853790703013
11,0.958973387119014
11.1,0.96006240907689
11.2,0.961121703532613
11.3,0.962152098902482
11.4,0.963154404821949
11.5,0.964129411962313
11.6,0.965077891903115
11.7,0.966000597057975
11.8,0.966898260651452
11.9,0.967771596744421
12,0.968621300305369
12.1,0.969448047324924
12.2,0.970252494970899
12.3,0.971035281781047
12.4,0.971797027890733
12.5,0.972538335292703
12.6,0.973259788126104
12.7,0.973961952991978
12.8,0.974645379292424
12.9,0.975310599590708
13,0.975958129989627
13.1,0.976588470525515
13.2,0.977202105575354
13.3,0.977799504274525
13.4,0.978381120942857
13.5,0.978947395516706
13.6,0.979498753984936
13.7,0.980035608826764
13.8,0.980558359449588
13.9,0.981067392624998
14,0.981563082921356
14.1,0.982045793131405
14.2,0.982515874693557
14.3,0.982973668105596
14.4,0.983419503329702
14.5,0.983853700187802
14.6,0.984276568746414
14.7,0.984688409690258
14.8,0.985089514684028
14.9,0.985480166721845
15,0.985860640464029
15.1,0.986231202560916
15.2,0.986592111963565
15.3,0.986943620221286
15.4,0.987285971766007
15.5,0.987619404183582
15.6,0.987944148472212
15.7,0.988260429288221
15.8,0.988568465179474
15.9,0.988868468806811
16,0.98916064715385
16.1,0.989445201725636
16.2,0.989722328736555
16.3,0.989992219288023
16.4,0.990255059536442
16.5,0.990511030851935
16.6,0.990760309968392
16.7,0.991003069125321
16.8,0.991239476202061
16.9,0.991469694844823
17,0.991693884587098
17.1,0.991912200963885
17.2,0.992124795620228
17.3,0.992331816414489
17.4,0.992533407516803
17.5,0.992729709503101
17.6,0.992920859445089
17.7,0.993106990996528
17.8,0.993288234476151
17.9,0.993464716947511
18,0.993636562296045
18.1,0.993803891303599
18.2,0.99396682172065
18.3,0.994125468336418
18.4,0.994279943047067
18.5,0.994430354922147
18.6,0.994576810269415
18.7,0.994719412698176
18.8,0.994858263181234
18.9,0.994993460115555
19,0.995125099381724
19.1,0.995253274402243
19.2,0.995378076198752
19.3,0.995499593448192
19.4,0.995617912537965
19.5,0.995733117620109
19.6,0.995845290664512
19.7,0.995954511511191
19.8,0.996060857921635
19.9,0.996164405629229
20,0.996265228388774
20.1,0.996363398025083
20.2,0.99645898448069
20.3,0.99655205586264
20.4,0.996642678488387
20.5,0.99673091693079
20.6,0.996816834062205
20.7,0.996900491097686
20.8,0.996981947637285
20.9,0.997061261707467
21,0.997138489801626
21.1,0.997213686919726
21.2,0.997286906607054
21.3,0.997358200992106
21.4,0.997427620823603
21.5,0.997495215506649
21.6,0.997561033138037
21.7,0.99762512054072
21.8,0.997687523297441
21.9,0.997748285783553
22,0.997807451199024
22.1,0.997865061599649
22.2,0.997921157927475
22.3,0.997975780040456
22.4,0.998028966741353
22.5,0.998080755805883
22.6000000000001,0.998131184010146
22.7000000000001,0.998180287157332
22.8000000000001,0.998228100103727
22.9000000000001,0.998274656784039
23.0000000000001,0.998319990236084
23.1000000000001,0.998364132624904
23.2000000000001,0.998407115266319
23.3000000000001,0.998448968649752
23.4000000000001,0.998489722460108
23.5000000000001,0.998529405598749
23.6000000000001,0.998568046203895
23.7000000000001,0.998605671670781
23.8000000000001,0.998642308671703
23.9000000000001,0.998677983175788
24.0000000000001,0.998712720468242
24.1000000000001,0.998746545168909
24.2000000000001,0.998779481250081
24.3000000000001,0.998811552053654
24.4000000000001,0.998842780307719
24.5000000000001,0.998873188142695
24.6000000000001,0.998902797107066
24.7000000000001,0.998931628182731
24.8000000000001,0.998959701799987
24.9000000000001,0.998987037852139
25.0000000000001,0.99901365570972
25.1000000000001,0.999039574234338
25.2000000000001,0.999064811792146
25.3000000000001,0.999089386266941
25.4000000000001,0.999113315072904
25.5000000000001,0.999136615166998
25.6000000000001,0.999159303061019
25.7000000000001,0.999181394833333
25.8000000000001,0.999202906140282
25.9000000000001,0.999223852227291
26.0000000000001,0.999244247939677
26.1000000000001,0.999264107733166
26.2000000000001,0.999283445684126
26.3000000000001,0.999302275499532
26.4000000000001,0.999320610526664
26.5000000000001,0.999338463762545
26.6000000000001,0.999355847863129
26.7000000000001,0.999372775152249
26.8000000000001,0.999389257630323
26.9000000000001,0.999405306982831
27.0000000000001,0.999420934588573
27.1000000000001,0.9994361515277
27.2000000000001,0.999450968589544
27.3000000000001,0.999465396280237
27.4000000000001,0.999479444830126
27.5000000000001,0.999493124201
27.6000000000001,0.999506444093124
27.7000000000001,0.999519413952091
27.8000000000001,0.99953204297549
27.9000000000001,0.999544340119406
28.0000000000001,0.999556314104745
28.1000000000001,0.999567973423393
28.2000000000001,0.999579326344223
28.3000000000001,0.999590380918931
28.4000000000001,0.999601144987733
28.5000000000001,0.999611626184904
28.6000000000001,0.999621831944179
28.7000000000001,0.999631769504008
28.8000000000001,0.999641445912677
28.9000000000001,0.999650868033294
29.0000000000001,0.999660042548648
29.1000000000001,0.999668975965935
29.2000000000001,0.999677674621366
29.3000000000001,0.999686144684655
29.4000000000001,0.999694392163386
29.5000000000001,0.999702422907268
29.6000000000002,0.99971024261228
29.7000000000002,0.999717856824707
29.8000000000002,0.99972527094507
29.9000000000002,0.999732490231952
30.0000000000002,0.999739519805727
30.1000000000002,0.999746364652191
30.2000000000002,0.999753029626097
30.3000000000002,0.999759519454595
30.4000000000002,0.999765838740586
30.5000000000002,0.99977199196599
30.6000000000002,0.999777983494921
30.7000000000002,0.999783817576782
30.8000000000002,0.999789498349287
30.9000000000002,0.999795029841387
31.0000000000002,0.999800415976138
31.1000000000002,0.999805660573478
31.2000000000002,0.99981076735294
31.3000000000002,0.999815739936293
31.4000000000002,0.999820581850112
31.5000000000002,0.999825296528277
31.6000000000002,0.999829887314417
31.7000000000002,0.999834357464277
31.8000000000002,0.999838710148028
31.9000000000002,0.999842948452525
32.0000000000002,0.999847075383488
32.1000000000002,0.999851093867642
32.2000000000002,0.99985500675479
32.3000000000002,0.999858816819839
32.4000000000002,0.999862526764765
32.5000000000002,0.999866139220536
32.6000000000002,0.999869656748972
32.7000000000002,0.999873081844571
32.8000000000002,0.999876416936271
32.9000000000002,0.99987966438918
33.0000000000002,0.999882826506251
33.1000000000002,0.999885905529915
33.2000000000002,0.999888903643676
33.3000000000002,0.999891822973656
33.4000000000002,0.999894665590105
33.5000000000002,0.999897433508872
33.6000000000002,0.999900128692829
33.7000000000002,0.99990275305327
33.8000000000002,0.999905308451264
33.9000000000002,0.999907796698973
34.0000000000002,0.999910219560942
34.1000000000002,0.999912578755347
34.2000000000002,0.999914875955214
34.3000000000002,0.999917112789608
34.4000000000002,0.999919290844785
34.5000000000002,0.999921411665318
34.6000000000002,0.999923476755197
34.7000000000002,0.999925487578887
34.8000000000002,0.999927445562375
34.9000000000002,0.999929352094174
35.0000000000002,0.999931208526314
35.1000000000002,0.999933016175297
35.2000000000002,0.999934776323031
35.3000000000002,0.999936490217739
35.4000000000002,0.999938159074846
35.5000000000002,0.999939784077838
35.6000000000002,0.999941366379103
35.7000000000002,0.999942907100749
35.8000000000002,0.999944407335398
35.9000000000002,0.999945868146959
36.0000000000002,0.999947290571387
36.1000000000002,0.999948675617415
36.2000000000002,0.999950024267268
36.3000000000002,0.999951337477362
36.4000000000002,0.999952616178981
36.5000000000002,0.999953861278937
36.6000000000003,0.999955073660214
36.7000000000003,0.999956254182593
36.8000000000003,0.999957403683262
36.9000000000003,0.99995852297741
37.0000000000003,0.999959612858805
37.1000000000003,0.999960674100356
37.2000000000003,0.999961707454665
37.3000000000003,0.999962713654552
37.4000000000003,0.999963693413584
37.5000000000003,0.999964647426577
37.6000000000003,0.999965576370086
37.7000000000003,0.999966480902891
37.8000000000003,0.999967361666458
37.9000000000003,0.999968219285399
38.0000000000003,0.99996905436791
38.1000000000003,0.999969867506206
38.2000000000003,0.99997065927694
38.3000000000003,0.999971430241611
38.4000000000003,0.999972180946964
38.5000000000003,0.999972911925375
38.6000000000003,0.999973623695232
38.7000000000003,0.999974316761299
38.8000000000003,0.999974991615077
38.9000000000003,0.99997564873515
39.0000000000003,0.999976288587527
39.1000000000003,0.99997691162597
39.2000000000003,0.999977518292318
39.3000000000003,0.999978109016798
39.4000000000003,0.999978684218333
39.5000000000003,0.999979244304836
39.6000000000003,0.999979789673501
39.7000000000003,0.999980320711085
39.8000000000003,0.999980837794182
39.9000000000003,0.999981341289488
40.0000000000003,0.999981831554066
40.1000000000003,0.999982308935592
40.2000000000003,0.999982773772609
40.3000000000003,0.999983226394763
40.4000000000003,0.999983667123036
40.5000000000003,0.999984096269976
40.6000000000003,0.999984514139919
40.7000000000003,0.999984921029201
40.8000000000003,0.999985317226374
40.9000000000003,0.999985703012405
41.0000000000003,0.999986078660879
41.1000000000003,0.999986444438191
41.2000000000003,0.999986800603735
41.3000000000003,0.99998714741009
41.4000000000003,0.999987485103197
41.5000000000003,0.999987813922535
41.6000000000003,0.999988134101288
41.7000000000003,0.999988445866514
41.8000000000003,0.999988749439305
41.9000000000003,0.99998904503494
42.0000000000003,0.999989332863044
42.1000000000003,0.999989613127733
42.2000000000003,0.999989886027757
42.3000000000003,0.999990151756646
42.4000000000003,0.999990410502843
42.5000000000003,0.999990662449839
42.6000000000003,0.999990907776305
42.7000000000003,0.999991146656213
42.8000000000003,0.999991379258967
42.9000000000003,0.999991605749519
43.0000000000003,0.999991826288484
43.1000000000003,0.999992041032259
43.2000000000003,0.999992250133129
43.3000000000003,0.99999245373938
43.4000000000003,0.999992651995399
43.5000000000003,0.999992845041778
43.6000000000003,0.999993033015419
43.7000000000004,0.999993216049621
43.8000000000004,0.999993394274184
43.9000000000004,0.999993567815495
44.0000000000004,0.999993736796621
44.1000000000004,0.999993901337395
44.2000000000004,0.9999940615545
44.3000000000004,0.999994217561554
44.4000000000004,0.999994369469189
44.5000000000004,0.999994517385129
44.6000000000004,0.999994661414268
44.7000000000004,0.999994801658743
44.8000000000004,0.999994938218009
44.9000000000004,0.999995071188905
45.0000000000004,0.999995200665727
45.1000000000004,0.999995326740291
45.2000000000004,0.999995449502003
45.3000000000004,0.999995569037918
45.4000000000004,0.999995685432808
45.5000000000004,0.999995798769264
45.6000000000004,0.999995909127876
45.7000000000004,0.999996016587497
45.8000000000004,0.999996121225394
45.9000000000004,0.999996223117081
46.0000000000004,0.999996322335827
46.1000000000004,0.999996418952181
46.2000000000004,0.999996513033818
46.3000000000004,0.999996604645824
46.4000000000004,0.999996693851249
46.5000000000004,0.999996780711654
46.6000000000004,0.999996865287489
46.7000000000004,0.999996947638207
46.8000000000004,0.999997027822222
46.9000000000004,0.999997105896756
47.0000000000004,0.999997181917704
47.1000000000004,0.999997255939525
47.2000000000004,0.9999973280152
47.3000000000004,0.99999739819623
47.4000000000004,0.999997466532673
47.5000000000004,0.999997533073187
47.6000000000004,0.999997597865094
47.7000000000004,0.999997660954421
47.8000000000004,0.999997722385959
47.9000000000004,0.999997782203299
48.0000000000004,0.999997840448876
48.1000000000004,0.999997897164003
48.2000000000004,0.999997952388902
48.3000000000004,0.999998006162735
48.4000000000004,0.999998058523635
48.5000000000004,0.999998109508732
48.6000000000004,0.999998159154181
48.7000000000004,0.999998207495183
48.8000000000004,0.999998254566019
48.9000000000004,0.999998300400064
49.0000000000004,0.99999834502982
49.1000000000004,0.999998388486934
49.2000000000004,0.999998430802219
49.3000000000004,0.999998472005681
49.4000000000004,0.999998512126537
49.5000000000004,0.999998551193235
49.6000000000004,0.999998589233476
49.7000000000004,0.999998626274233
49.8000000000004,0.999998662341772
49.9000000000004,0.999998697461666
50.0000000000004,0.999998731658818
50.1000000000004,0.999998764957475
50.2000000000004,0.999998797381248
50.3000000000004,0.999998828953128
50.4000000000004,0.9999988596955
50.5000000000004,0.999998889630162
50.6000000000004,0.999998918778339
50.7000000000005,0.999998947160699
50.8000000000005,0.999998974797366
50.9000000000005,0.999999001707935
51.0000000000005,0.999999027911486
51.1000000000005,0.999999053426599
51.2000000000005,0.999999078271364
51.3000000000005,0.999999102463397
51.4000000000005,0.999999126019851
51.5000000000005,0.999999148957426
51.6000000000005,0.999999171292387
51.7000000000005,0.999999193040568
51.8000000000005,0.999999214217388
51.9000000000005,0.999999234837863
52.0000000000005,0.999999254916612
52.1000000000005,0.99999927446787
52.2000000000005,0.999999293505499
52.3000000000005,0.999999312042996
52.4000000000005,0.999999330093503
52.5000000000005,0.999999347669818
52.6000000000005,0.999999364784401
52.7000000000005,0.999999381449386
52.8000000000005,0.999999397676587
52.9000000000005,0.999999413477509
53.0000000000005,0.999999428863352
53.1000000000005,0.999999443845026
53.2000000000005,0.99999945843315
53.3000000000005,0.999999472638066
53.4000000000005,0.999999486469844
53.5000000000005,0.99999949993829
53.6000000000005,0.99999951305295
53.7000000000005,0.999999525823123
53.8000000000005,0.99999953825786
53.9000000000005,0.999999550365976
54.0000000000005,0.999999562156054
54.1000000000005,0.999999573636451
54.2000000000005,0.999999584815305
54.3000000000005,0.99999959570054
54.4000000000005,0.999999606299872
54.5000000000005,0.999999616620814
54.6000000000005,0.999999626670681
54.7000000000005,0.999999636456597
54.8000000000005,0.999999645985497
54.9000000000005,0.999999655264136
55.0000000000005,0.99999966429909
55.1000000000005,0.999999673096763
55.2000000000005,0.999999681663389
55.3000000000005,0.999999690005041
55.4000000000005,0.99999969812763
55.5000000000005,0.999999706036913
55.6000000000005,0.999999713738494
55.7000000000005,0.999999721237833
55.8000000000005,0.999999728540243
55.9000000000005,0.9999997356509
56.0000000000005,0.999999742574841
56.1000000000005,0.999999749316975
56.2000000000005,0.999999755882078
56.3000000000005,0.999999762274802
56.4000000000005,0.999999768499678
56.5000000000005,0.999999774561115
56.6000000000005,0.999999780463409
56.7000000000005,0.999999786210742
56.8000000000005,0.999999791807185
56.9000000000005,0.999999797256705
57.0000000000005,0.999999802563161
57.1000000000005,0.999999807730313
57.2000000000005,0.999999812761822
57.3000000000005,0.999999817661252
57.4000000000005,0.999999822432074
57.5000000000005,0.999999827077668
57.6000000000005,0.999999831601324
57.7000000000005,0.999999836006247
57.8000000000006,0.999999840295557
57.9000000000006,0.999999844472291
58.0000000000006,0.999999848539408
58.1000000000006,0.999999852499789
58.2000000000006,0.999999856356238
58.3000000000006,0.999999860111486
58.4000000000006,0.999999863768193
58.5000000000006,0.999999867328949
58.6000000000006,0.999999870796274
58.7000000000006,0.999999874172624
58.8000000000006,0.99999987746039
58.9000000000006,0.999999880661899
59.0000000000006,0.999999883779418
59.1000000000006,0.999999886815154
59.2000000000006,0.999999889771257
59.3000000000006,0.999999892649818
59.4000000000006,0.999999895452876
59.5000000000006,0.999999898182414
59.6000000000006,0.999999900840364
59.7000000000006,0.999999903428609
59.8000000000006,0.999999905948978
59.9000000000006,0.999999908403257
60.0000000000006,0.999999910793182
60.1000000000006,0.999999913120443
60.2000000000006,0.999999915386688
60.3000000000006,0.999999917593519
60.4000000000006,0.999999919742499
60.5000000000006,0.999999921835147
60.6000000000006,0.999999923872944
60.7000000000006,0.999999925857331
60.8000000000006,0.999999927789711
60.9000000000006,0.999999929671452
61.0000000000006,0.999999931503883
61.1000000000006,0.999999933288302
61.2000000000006,0.999999935025968
61.3000000000006,0.999999936718111
61.4000000000006,0.999999938365928
61.5000000000006,0.999999939970582
61.6000000000006,0.999999941533209
61.7000000000006,0.999999943054912
61.8000000000006,0.999999944536767
61.9000000000006,0.999999945979821
62.0000000000006,0.999999947385094
62.1000000000006,0.999999948753578
62.2000000000006,0.999999950086241
62.3000000000006,0.999999951384023
62.4000000000006,0.999999952647841
62.5000000000006,0.999999953878588
62.6000000000006,0.999999955077132
62.7000000000006,0.999999956244321
62.8000000000006,0.999999957380977
62.9000000000006,0.999999958487904
63.0000000000006,0.999999959565882
63.1000000000006,0.999999960615672
63.2000000000006,0.999999961638015
63.3000000000006,0.999999962633632
63.4000000000006,0.999999963603225
63.5000000000006,0.999999964547478
63.6000000000006,0.999999965467058
63.7000000000006,0.999999966362612
63.8000000000006,0.999999967234772
63.9000000000006,0.999999968084152
64.0000000000006,0.999999968911352
64.1000000000006,0.999999969716954
64.2000000000006,0.999999970501525
64.3000000000006,0.999999971265619
64.4000000000006,0.999999972009773
64.5000000000006,0.999999972734511
64.6000000000006,0.999999973440344
64.7000000000006,0.999999974127768
64.8000000000006,0.999999974797267
64.9000000000006,0.999999975449313
65.0000000000006,0.999999976084363
65.1000000000006,0.999999976702864
65.2000000000006,0.999999977305252
65.3000000000006,0.999999977891949
65.4000000000006,0.999999978463368
65.5000000000006,0.999999979019911
65.6000000000005,0.999999979561968
65.7000000000005,0.99999998008992
65.8000000000005,0.999999980604137
65.9000000000005,0.999999981104981
66.0000000000005,0.999999981592804
66.1000000000005,0.999999982067946
66.2000000000005,0.999999982530742
66.3000000000005,0.999999982981516
66.4000000000005,0.999999983420583
66.5000000000005,0.999999983848252
66.6000000000005,0.999999984264822
66.7000000000005,0.999999984670585
66.8000000000005,0.999999985065824
66.9000000000005,0.999999985450817
67.0000000000005,0.999999985825832
67.1000000000005,0.999999986191132
67.2000000000005,0.999999986546971
67.3000000000005,0.999999986893599
67.4000000000004,0.999999987231258
67.5000000000004,0.999999987560184
67.6000000000004,0.999999987880605
67.7000000000004,0.999999988192746
67.8000000000004,0.999999988496824
67.9000000000004,0.999999988793057
68.0000000000004,0.999999989081698
68.1000000000004,0.999999989363163
68.2000000000004,0.999999989638227
68.3000000000004,0.999999989908119
68.4000000000004,0.999999990174304
68.5000000000004,0.999999990437952
68.6000000000004,0.999999990699428
68.7000000000004,0.999999990958089
68.8000000000004,0.99999999121252
68.9000000000004,0.999999991461022
69.0000000000004,0.999999991702115
69.1000000000003,0.999999991934845
69.2000000000003,0.999999992158869
69.3000000000003,0.99999999237436
69.4000000000003,0.999999992581824
69.5000000000003,0.999999992781922
69.6000000000003,0.999999992975335
69.7000000000003,0.999999993162675
69.8000000000003,0.999999993344454
69.9000000000003,0.999999993521081
70.0000000000003,0.999999993692877
70.1000000000003,0.999999993860088
70.2000000000003,0.999999994022914
70.3000000000003,0.999999994181516
70.4000000000003,0.999999994336033
70.5000000000003,0.999999994486588
70.6000000000003,0.999999994633293
70.7000000000003,0.999999994776254
70.8000000000003,0.999999994915571
70.9000000000002,0.999999995051341
71.0000000000002,0.999999995183655
71.1000000000002,0.999999995312605
71.2000000000002,0.999999995438278
71.3000000000002,0.999999995560759
71.4000000000002,0.999999995680132
71.5000000000002,0.999999995796477
71.6000000000002,0.999999995909873
71.7000000000002,0.999999996020396
71.8000000000002,0.99999999612812
71.9000000000002,0.999999996233118
72.0000000000002,0.999999996335461
72.1000000000002,0.999999996435217
72.2000000000002,0.999999996532453
72.3000000000002,0.999999996627233
72.4000000000002,0.999999996719621
72.5000000000002,0.999999996809679
72.6000000000002,0.999999996897467
72.7000000000001,0.999999996983042
72.8000000000001,0.999999997066461
72.9000000000001,0.99999999714778
73.0000000000001,0.999999997227052
73.1000000000001,0.99999999730433
73.2000000000001,0.999999997379664
73.3000000000001,0.999999997453105
73.4000000000001,0.999999997524699
73.5000000000001,0.999999997594494
73.6000000000001,0.999999997662535
73.7000000000001,0.999999997728867
73.8000000000001,0.999999997793533
73.9000000000001,0.999999997856574
74.0000000000001,0.999999997918032
74.1000000000001,0.999999997977947
74.2000000000001,0.999999998036356
74.3000000000001,0.999999998093297
74.4,0.999999998148808
74.5,0.999999998202922
74.6,0.999999998255676
74.7,0.999999998307102
74.8,0.999999998357233
74.9,0.999999998406101
75,0.999999998453737
75.1,0.999999998500171
75.2,0.999999998545432
75.3,0.999999998589549
75.4,0.999999998632549
75.5,0.999999998674458
75.6,0.999999998715304
75.7,0.999999998755111
75.8,0.999999998793905
75.9,0.999999998831709
76,0.999999998868546
76.1,0.999999998904439
76.1999999999999,0.999999998939411
76.2999999999999,0.999999998973483
76.3999999999999,0.999999999006675
76.4999999999999,0.999999999039008
76.5999999999999,0.999999999070502
76.6999999999999,0.999999999101176
76.7999999999999,0.999999999131048
76.8999999999999,0.999999999160136
76.9999999999999,0.999999999188459
77.0999999999999,0.999999999216034
77.1999999999999,0.999999999242877
77.2999999999999,0.999999999269004
77.3999999999999,0.999999999294432
77.4999999999999,0.999999999319175
77.5999999999999,0.999999999343249
77.6999999999999,0.999999999366669
77.7999999999999,0.999999999389448
77.8999999999998,0.9999999994116
77.9999999999998,0.999999999433139
78.0999999999998,0.999999999454078
78.1999999999998,0.999999999474431
78.2999999999998,0.999999999494208
78.3999999999998,0.999999999513423
78.4999999999998,0.999999999532088
78.5999999999998,0.999999999550214
78.6999999999998,0.999999999567812
78.7999999999998,0.999999999584894
78.8999999999998,0.99999999960147
78.9999999999998,0.999999999617551
79.0999999999998,0.999999999633148
79.1999999999998,0.99999999964827
79.2999999999998,0.999999999662927
79.3999999999998,0.999999999677129
79.4999999999998,0.999999999690887
79.5999999999998,0.999999999704208
79.6999999999997,0.999999999717103
79.7999999999997,0.999999999729579
79.8999999999997,0.999999999741647
79.9999999999997,0.999999999753315
80.0999999999997,0.999999999764591
80.1999999999997,0.999999999775484
80.2999999999997,0.999999999786002
80.3999999999997,0.999999999796154
80.4999999999997,0.999999999805947
80.5999999999997,0.999999999815389
80.6999999999997,0.999999999824488
80.7999999999997,0.999999999833253
80.8999999999997,0.99999999984169
80.9999999999997,0.999999999849807
81.0999999999997,0.999999999857613
81.1999999999997,0.999999999865113
81.2999999999997,0.999999999872316
81.3999999999997,0.999999999879229
81.4999999999996,0.999999999885859
81.5999999999996,0.999999999892214
81.6999999999996,0.9999999998983
81.7999999999996,0.999999999904124
81.8999999999996,0.999999999909693
81.9999999999996,0.999999999915015
82.0999999999996,0.999999999920097
82.1999999999996,0.999999999924944
82.2999999999996,0.999999999929564
82.3999999999996,0.999999999933964
82.4999999999996,0.999999999938149
82.5999999999996,0.999999999942128
82.6999999999996,0.999999999945906
82.7999999999996,0.99999999994949
82.8999999999996,0.999999999952886
82.9999999999996,0.999999999956101
83.0999999999996,0.999999999959141
83.1999999999995,0.999999999962012
83.2999999999995,0.999999999964721
83.3999999999995,0.999999999967273
83.4999999999995,0.999999999969674
83.5999999999995,0.999999999971931
83.6999999999995,0.99999999997405
83.7999999999995,0.999999999976036
83.8999999999995,0.999999999977894
83.9999999999995,0.999999999979631
84.0999999999995,0.999999999981252
84.1999999999995,0.999999999982762
84.2999999999995,0.999999999984167
84.3999999999995,0.999999999985472
84.4999999999995,0.999999999986682
84.5999999999995,0.999999999987802
84.6999999999995,0.999999999988836
84.7999999999995,0.99999999998979
84.8999999999995,0.999999999990668
84.9999999999994,0.999999999991474
85.0999999999994,0.999999999992213
85.1999999999994,0.999999999992889
85.2999999999994,0.999999999993506
85.3999999999994,0.999999999994067
85.4999999999994,0.999999999994577
85.5999999999994,0.99999999999504
85.6999999999994,0.999999999995458
85.7999999999994,0.999999999995834
85.8999999999994,0.999999999996173
85.9999999999994,0.999999999996476
86.0999999999994,0.999999999996748
86.1999999999994,0.999999999996989
86.2999999999994,0.999999999997204
86.3999999999994,0.999999999997395
86.4999999999994,0.999999999997563
86.5999999999994,0.99999999999771
86.6999999999993,0.99999999999784
86.7999999999993,0.999999999997953
86.8999999999993,0.999999999998051
86.9999999999993,0.999999999998137
87.0999999999993,0.99999999999821
87.1999999999993,0.999999999998273
87.2999999999993,0.999999999998327
87.3999999999993,0.999999999998373
87.4999999999993,0.999999999998412
87.5999999999993,0.999999999998444
87.6999999999993,0.999999999998472
87.7999999999993,0.999999999998495
87.8999999999993,0.999999999998514
87.9999999999993,0.999999999998529
88.0999999999993,0.999999999998542
88.1999999999993,0.999999999998552
88.2999999999993,0.99999999999856
88.3999999999993,0.999999999998567
88.4999999999992,0.999999999998572
88.5999999999992,0.999999999998576
88.6999999999992,0.99999999999858
88.7999999999992,0.999999999998582
88.8999999999992,0.999999999998584
88.9999999999992,0.999999999998585
89.0999999999992,0.999999999998587
89.1999999999992,0.999999999998587
89.2999999999992,0.999999999998588
89.3999999999992,0.999999999998588
89.4999999999992,0.999999999998589
89.5999999999992,0.999999999998589
89.6999999999992,0.999999999998589
89.7999999999992,0.999999999998589
89.8999999999992,0.999999999998589
89.9999999999992,0.999999999998589
90.0999999999992,0.999999999998589
90.1999999999992,0.999999999998589
90.2999999999991,0.999999999998589
90.3999999999991,0.999999999998589
90.4999999999991,0.999999999998589
90.5999999999991,0.999999999998589
90.6999999999991,0.999999999998589
90.7999999999991,0.999999999998589
90.8999999999991,0.999999999998589
90.9999999999991,0.999999999998589
91.0999999999991,0.999999999998589
91.1999999999991,0.999999999998589
91.2999999999991,0.999999999998589
91.3999999999991,0.999999999998589
91.4999999999991,0.999999999998589
91.5999999999991,0.999999999998589
91.6999999999991,0.999999999998589
91.7999999999991,0.999999999998589
91.8999999999991,0.999999999998589
91.999999999999,0.999999999998589
92.099999999999,0.999999999998589
92.199999999999,0.999999999998589
92.299999999999,0.999999999998589
92.399999999999,0.999999999998589
92.499999999999,0.999999999998589
92.599999999999,0.999999999998589
92.699999999999,0.999999999998589
92.799999999999,0.999999999998589
92.899999999999,0.999999999998589
92.999999999999,0.999999999998589
93.099999999999,0.999999999998589
93.199999999999,0.999999999998589
93.299999999999,0.999999999998589
93.399999999999,0.999999999998589
93.499999999999,0.999999999998589
93.599999999999,0.999999999998589
93.699999999999,0.999999999998589
93.7999999999989,0.999999999998589
93.8999999999989,0.999999999998589
93.9999999999989,0.999999999998589
94.0999999999989,0.999999999998589
94.1999999999989,0.999999999998589
94.2999999999989,0.999999999998589
94.3999999999989,0.999999999998589
94.4999999999989,0.999999999998589
94.5999999999989,0.999999999998589
94.6999999999989,0.999999999998589
94.7999999999989,0.999999999998589
94.8999999999989,0.999999999998589
94.9999999999989,0.999999999998589
95.0999999999989,0.999999999998589
95.1999999999989,0.999999999998589
95.2999999999989,0.999999999998589
95.3999999999989,0.999999999998589
95.4999999999988,0.999999999998589
95.5999999999988,0.999999999998589
95.6999999999988,0.999999999998589
95.7999999999988,0.999999999998589
95.8999999999988,0.999999999998589
95.9999999999988,0.999999999998589
96.0999999999988,0.999999999998589
96.1999999999988,0.999999999998589
96.2999999999988,0.999999999998589
96.3999999999988,0.999999999998589
96.4999999999988,0.999999999998589
96.5999999999988,0.999999999998589
96.6999999999988,0.999999999998589
96.7999999999988,0.999999999998589
96.8999999999988,0.999999999998589
96.9999999999988,0.999999999998589
97.0999999999988,0.999999999998589
97.1999999999988,0.999999999998589
97.2999999999987,0.999999999998589
97.3999999999987,0.999999999998589
97.4999999999987,0.999999999998589
97.5999999999987,0.999999999998589
97.6999999999987,0.999999999998589
97.7999999999987,0.999999999998589
97.8999999999987,0.999999999998589
97.9999999999987,0.999999999998589
98.0999999999987,0.999999999998589
98.1999999999987,0.999999999998589
98.2999999999987,0.999999999998589
98.3999999999987,0.999999999998589
98.4999999999987,0.999999999998589
98.5999999999987,0.999999999998589
98.6999999999987,0.999999999998589
98.7999999999987,0.999999999998589
98.8999999999987,0.999999999998589
98.9999999999986,0.999999999998589
99.0999999999986,0.999999999998589
99.1999999999986,0.999999999998589
99.2999999999986,0.999999999998589
99.3999999999986,0.999999999998589
99.4999999999986,0.999999999998589
99.5999999999986,0.999999999998589
99.6999999999986,0.999999999998589
99.7999999999986,0.999999999998589
99.8999999999986,0.999999999998589
99.9999999999986,0.999999999998589
100.099999999999,0.999999999998589
100.199999999999,0.999999999998589
100.299999999999,0.999999999998589
100.399999999999,0.999999999998589
100.499999999999,0.999999999998589
100.599999999999,0.999999999998589
100.699999999999,0.999999999998589
100.799999999999,0.999999999998589
100.899999999999,0.999999999998589
100.999999999999,0.999999999998589
101.099999999999,0.999999999998589
101.199999999999,0.999999999998589
101.299999999999,0.999999999998589
101.399999999999,0.999999999998589
101.499999999999,0.999999999998589
101.599999999999,0.999999999998589
101.699999999998,0.999999999998589
101.799999999998,0.999999999998589
101.899999999998,0.999999999998589
101.999999999998,0.999999999998589
102.099999999998,0.999999999998589
102.199999999998,0.999999999998589
102.299999999998,0.999999999998589
102.399999999998,0.999999999998589
102.499999999998,0.999999999998589
102.599999999998,0.999999999998589
102.699999999998,0.999999999998589
102.799999999998,0.999999999998589
102.899999999998,0.999999999998589
102.999999999998,0.999999999998589
103.099999999998,0.999999999998589
103.199999999998,0.999999999998589
103.299999999998,0.999999999998589
103.399999999998,0.999999999998589
103.499999999998,0.999999999998589
103.599999999998,0.999999999998589
103.699999999998,0.999999999998589
103.799999999998,0.999999999998589
103.899999999998,0.999999999998589
103.999999999998,0.999999999998589
104.099999999998,0.999999999998589
104.199999999998,0.999999999998589
104.299999999998,0.999999999998589
104.399999999998,0.999999999998589
104.499999999998,0.999999999998589
104.599999999998,0.999999999998589
104.699999999998,0.999999999998589
104.799999999998,0.999999999998589
104.899999999998,0.999999999998589
104.999999999998,0.999999999998589
105.099999999998,0.999999999998589
105.199999999998,0.999999999998589
105.299999999998,0.999999999998589
105.399999999998,0.999999999998589
105.499999999998,0.999999999998589
105.599999999998,0.999999999998589
105.699999999998,0.999999999998589
105.799999999998,0.999999999998589
105.899999999998,0.999999999998589
105.999999999998,0.999999999998589
106.099999999998,0.999999999998589
106.199999999998,0.999999999998589
106.299999999998,0.999999999998589
106.399999999998,0.999999999998589
106.499999999998,0.999999999998589
106.599999999998,0.999999999998589
106.699999999998,0.999999999998589
106.799999999998,0.999999999998589
106.899999999998,0.999999999998589
106.999999999998,0.999999999998589
107.099999999998,0.999999999998589
107.199999999998,0.999999999998589
107.299999999998,0.999999999998589
107.399999999998,0.999999999998589
107.499999999998,0.999999999998589
107.599999999998,0.999999999998589
107.699999999998,0.999999999998589
107.799999999998,0.999999999998589
107.899999999998,0.999999999998589
107.999999999998,0.999999999998589
108.099999999998,0.999999999998589
108.199999999998,0.999999999998589
108.299999999998,0.999999999998589
108.399999999998,0.999999999998589
108.499999999998,0.999999999998589
108.599999999998,0.999999999998589
108.699999999998,0.999999999998589
108.799999999998,0.999999999998589
108.899999999998,0.999999999998589
108.999999999998,0.999999999998589
109.099999999998,0.999999999998589
109.199999999998,0.999999999998589
109.299999999998,0.999999999998589
109.399999999998,0.999999999998589
109.499999999998,0.999999999998589
109.599999999998,0.999999999998589
109.699999999998,0.999999999998589
109.799999999998,0.999999999998589
109.899999999998,0.999999999998589
109.999999999998,0.999999999998589
110.099999999998,0.999999999998589
110.199999999998,0.999999999998589
110.299999999998,0.999999999998589
110.399999999998,0.999999999998589
110.499999999998,0.999999999998589
110.599999999998,0.999999999998589
110.699999999998,0.999999999998589
110.799999999998,0.999999999998589
110.899999999998,0.999999999998589
110.999999999998,0.999999999998589
111.099999999998,0.999999999998589
111.199999999998,0.999999999998589
111.299999999998,0.999999999998589
111.399999999998,0.999999999998589
111.499999999998,0.999999999998589
111.599999999998,0.999999999998589
111.699999999998,0.999999999998589
111.799999999998,0.999999999998589
111.899999999998,0.999999999998589
111.999999999998,0.999999999998589
112.099999999998,0.999999999998589
112.199999999998,0.999999999998589
112.299999999998,0.999999999998589
112.399999999998,0.999999999998589
112.499999999998,0.999999999998589
112.599999999998,0.999999999998589
112.699999999998,0.999999999998589
112.799999999998,0.999999999998589
112.899999999998,0.999999999998589
112.999999999998,0.999999999998589
113.099999999998,0.999999999998589
113.199999999998,0.999999999998589
113.299999999998,0.999999999998589
113.399999999998,0.999999999998589
113.499999999998,0.999999999998589
113.599999999998,0.999999999998589
113.699999999998,0.999999999998589
113.799999999998,0.999999999998589
113.899999999998,0.999999999998589
113.999999999998,0.999999999998589
114.099999999998,0.999999999998589
114.199999999998,0.999999999998589
114.299999999998,0.999999999998589
114.399999999998,0.999999999998589
114.499999999998,0.999999999998589
114.599999999998,0.999999999998589
114.699999999998,0.999999999998589
114.799999999998,0.999999999998589
114.899999999998,0.999999999998589
114.999999999998,0.999999999998589
115.099999999998,0.999999999998589
115.199999999998,0.999999999998589
115.299999999998,0.999999999998589
115.399999999998,0.999999999998589
115.499999999998,0.999999999998589
115.599999999998,0.999999999998589
115.699999999998,0.999999999998589
115.799999999998,0.999999999998589
115.899999999998,0.999999999998589
115.999999999998,0.999999999998589
116.099999999998,0.999999999998589
116.199999999998,0.999999999998589
116.299999999998,0.999999999998589
116.399999999998,0.999999999998589
116.499999999998,0.999999999998589
116.599999999998,0.999999999998589
116.699999999998,0.999999999998589
116.799999999998,0.999999999998589
116.899999999998,0.999999999998589
116.999999999998,0.999999999998589
117.099999999998,0.999999999998589
117.199999999998,0.999999999998589
117.299999999998,0.999999999998589
117.399999999998,0.999999999998589
117.499999999998,0.999999999998589
117.599999999998,0.999999999998589
117.699999999998,0.999999999998589
117.799999999998,0.999999999998589
117.899999999998,0.999999999998589
117.999999999998,0.999999999998589
118.099999999998,0.999999999998589
118.199999999998,0.999999999998589
118.299999999998,0.999999999998589
118.399999999998,0.999999999998589
118.499999999998,0.999999999998589
118.599999999998,0.999999999998589
118.699999999998,0.999999999998589
118.799999999998,0.999999999998589
118.899999999998,0.999999999998589
118.999999999998,0.999999999998589
119.099999999998,0.999999999998589
119.199999999998,0.999999999998589
119.299999999997,0.999999999998589
119.399999999997,0.999999999998589
119.499999999997,0.999999999998589
119.599999999997,0.999999999998589
119.699999999997,0.999999999998589
119.799999999997,0.999999999998589
119.899999999997,0.999999999998589
119.999999999997,0.999999999998589
120.099999999997,0.999999999998589
120.199999999997,0.999999999998589
120.299999999997,0.999999999998589
120.399999999997,0.999999999998589
120.499999999997,0.999999999998589
120.599999999997,0.999999999998589
120.699999999997,0.999999999998589
120.799999999997,0.999999999998589
120.899999999997,0.999999999998589
120.999999999997,0.999999999998589
121.099999999997,0.999999999998589
121.199999999997,0.999999999998589
121.299999999997,0.999999999998589
121.399999999997,0.999999999998589
121.499999999997,0.999999999998589
121.599999999997,0.999999999998589
121.699999999997,0.999999999998589
121.799999999997,0.999999999998589
121.899999999997,0.999999999998589
121.999999999997,0.999999999998589
122.099999999997,0.999999999998589
122.199999999997,0.999999999998589
122.299999999997,0.999999999998589
122.399999999997,0.999999999998589
122.499999999997,0.999999999998589
122.599999999997,0.999999999998589
122.699999999997,0.999999999998589
122.799999999997,0.999999999998589
122.899999999997,0.999999999998589
122.999999999997,0.999999999998589
123.099999999997,0.999999999998589
123.199999999997,0.999999999998589
123.299999999997,0.999999999998589
123.399999999997,0.999999999998589
123.499999999997,0.999999999998589
123.599999999997,0.999999999998589
123.699999999997,0.999999999998589
123.799999999997,0.999999999998589
123.899999999997,0.999999999998589
123.999999999997,0.999999999998589
124.099999999997,0.999999999998589
124.199999999997,0.999999999998589
124.299999999997,0.999999999998589
124.399999999997,0.999999999998589
124.499999999997,0.999999999998589
124.599999999997,0.999999999998589
124.699999999997,0.999999999998589
124.799999999997,0.999999999998589
124.899999999997,0.999999999998589
124.999999999997,0.999999999998589
125.099999999997,0.999999999998589
125.199999999997,0.999999999998589
125.299999999997,0.999999999998589
125.399999999997,0.999999999998589
125.499999999997,0.999999999998589
125.599999999997,0.999999999998589
125.699999999997,0.999999999998589
125.799999999997,0.999999999998589
125.899999999997,0.999999999998589
125.999999999997,0.999999999998589
126.099999999997,0.999999999998589
126.199999999997,0.999999999998589
126.299999999997,0.999999999998589
126.399999999997,0.999999999998589
126.499999999997,0.999999999998589
126.599999999997,0.999999999998589
126.699999999997,0.999999999998589
126.799999999997,0.999999999998589
126.899999999997,0.999999999998589
126.999999999997,0.999999999998589
127.099999999997,0.999999999998589
127.199999999997,0.999999999998589
127.299999999997,0.999999999998589
127.399999999997,0.999999999998589
127.499999999997,0.999999999998589
127.599999999997,0.999999999998589
127.699999999997,0.999999999998589
127.799999999997,0.999999999998589
127.899999999997,0.999999999998589
127.999999999997,0.999999999998589
128.099999999997,0.999999999998589
128.199999999997,0.999999999998589
128.299999999997,0.999999999998589
128.399999999997,0.999999999998589
128.499999999997,0.999999999998589
128.599999999997,0.999999999998589
128.699999999997,0.999999999998589
128.799999999997,0.999999999998589
128.899999999997,0.999999999998589
128.999999999997,0.999999999998589
129.099999999997,0.999999999998589
129.199999999997,0.999999999998589
129.299999999997,0.999999999998589
129.399999999997,0.999999999998589
129.499999999997,0.999999999998589
129.599999999997,0.999999999998589
129.699999999997,0.999999999998589
129.799999999997,0.999999999998589
129.899999999997,0.999999999998589
129.999999999997,0.999999999998589
130.099999999997,0.999999999998589
130.199999999997,0.999999999998589
130.299999999997,0.999999999998589
130.399999999997,0.999999999998589
130.499999999997,0.999999999998589
130.599999999997,0.999999999998589
130.699999999997,0.999999999998589
130.799999999997,0.999999999998589
130.899999999997,0.999999999998589
130.999999999997,0.999999999998589
131.099999999997,0.999999999998589
131.199999999997,0.999999999998589
131.299999999997,0.999999999998589
131.399999999997,0.999999999998589
131.499999999997,0.999999999998589
131.599999999997,0.999999999998589
131.699999999997,0.999999999998589
131.799999999997,0.999999999998589
131.899999999997,0.999999999998589
131.999999999997,0.999999999998589
132.099999999997,0.999999999998589
132.199999999997,0.999999999998589
132.299999999997,0.999999999998589
132.399999999997,0.999999999998589
132.499999999997,0.999999999998589
132.599999999997,0.999999999998589
132.699999999997,0.999999999998589
132.799999999997,0.999999999998589
132.899999999997,0.999999999998589
132.999999999997,0.999999999998589
133.099999999997,0.999999999998589
133.199999999997,0.999999999998589
133.299999999997,0.999999999998589
133.399999999997,0.999999999998589
133.499999999997,0.999999999998589
133.599999999997,0.999999999998589
133.699999999997,0.999999999998589
133.799999999997,0.999999999998589
133.899999999997,0.999999999998589
133.999999999997,0.999999999998589
134.099999999997,0.999999999998589
134.199999999997,0.999999999998589
134.299999999997,0.999999999998589
134.399999999997,0.999999999998589
134.499999999997,0.999999999998589
134.599999999997,0.999999999998589
134.699999999997,0.999999999998589
134.799999999997,0.999999999998589
134.899999999997,0.999999999998589
134.999999999997,0.999999999998589
135.099999999997,0.999999999998589
135.199999999997,0.999999999998589
135.299999999997,0.999999999998589
135.399999999997,0.999999999998589
135.499999999997,0.999999999998589
135.599999999997,0.999999999998589
135.699999999997,0.999999999998589
135.799999999997,0.999999999998589
135.899999999997,0.999999999998589
135.999999999997,0.999999999998589
136.099999999997,0.999999999998589
136.199999999997,0.999999999998589
136.299999999997,0.999999999998589
136.399999999997,0.999999999998589
136.499999999997,0.999999999998589
136.599999999997,0.999999999998589
136.699999999997,0.999999999998589
136.799999999997,0.999999999998589
136.899999999997,0.999999999998589
136.999999999997,0.999999999998589
137.099999999996,0.999999999998589
137.199999999996,0.999999999998589
137.299999999996,0.999999999998589
137.399999999996,0.999999999998589
137.499999999996,0.999999999998589
137.599999999996,0.999999999998589
137.699999999996,0.999999999998589
137.799999999996,0.999999999998589
137.899999999996,0.999999999998589
137.999999999996,0.999999999998589
138.099999999996,0.999999999998589
138.199999999996,0.999999999998589
138.299999999996,0.999999999998589
138.399999999996,0.999999999998589
138.499999999996,0.999999999998589
138.599999999996,0.999999999998589
138.699999999996,0.999999999998589
138.799999999996,0.999999999998589
138.899999999996,0.999999999998589
138.999999999996,0.999999999998589
139.099999999996,0.999999999998589
139.199999999996,0.999999999998589
139.299999999996,0.999999999998589
139.399999999996,0.999999999998589
139.499999999996,0.999999999998589
139.599999999996,0.999999999998589
139.699999999996,0.999999999998589
139.799999999996,0.999999999998589
139.899999999996,0.999999999998589
139.999999999996,0.999999999998589
140.099999999996,0.999999999998589
140.199999999996,0.999999999998589
140.299999999996,0.999999999998589
140.399999999996,0.999999999998589
140.499999999996,0.999999999998589
140.599999999996,0.999999999998589
140.699999999996,0.999999999998589
140.799999999996,0.999999999998589
140.899999999996,0.999999999998589
140.999999999996,0.999999999998589
141.099999999996,0.999999999998589
141.199999999996,0.999999999998589
141.299999999996,0.999999999998589
141.399999999996,0.999999999998589
141.499999999996,0.999999999998589
141.599999999996,0.999999999998589
141.699999999996,0.999999999998589
141.799999999996,0.999999999998589
141.899999999996,0.999999999998589
141.999999999996,0.999999999998589
142.099999999996,0.999999999998589
142.199999999996,0.999999999998589
142.299999999996,0.999999999998589
142.399999999996,0.999999999998589
142.499999999996,0.999999999998589
142.599999999996,0.999999999998589
142.699999999996,0.999999999998589
142.799999999996,0.999999999998589
142.899999999996,0.999999999998589
142.999999999996,0.999999999998589
143.099999999996,0.999999999998589
143.199999999996,0.999999999998589
143.299999999996,0.999999999998589
143.399999999996,0.999999999998589
143.499999999996,0.999999999998589
143.599999999996,0.999999999998589
143.699999999996,0.999999999998589
143.799999999996,0.999999999998589
143.899999999996,0.999999999998589
143.999999999996,0.999999999998589
144.099999999996,0.999999999998589
144.199999999996,0.999999999998589
144.299999999996,0.999999999998589
144.399999999996,0.999999999998589
144.499999999996,0.999999999998589
144.599999999996,0.999999999998589
144.699999999996,0.999999999998589
144.799999999996,0.999999999998589
144.899999999996,0.999999999998589
144.999999999996,0.999999999998589
145.099999999996,0.999999999998589
145.199999999996,0.999999999998589
145.299999999996,0.999999999998589
145.399999999996,0.999999999998589
145.499999999996,0.999999999998589
145.599999999996,0.999999999998589
145.699999999996,0.999999999998589
145.799999999996,0.999999999998589
145.899999999996,0.999999999998589
145.999999999996,0.999999999998589
146.099999999996,0.999999999998589
146.199999999996,0.999999999998589
146.299999999996,0.999999999998589
146.399999999996,0.999999999998589
146.499999999996,0.999999999998589
146.599999999996,0.999999999998589
146.699999999996,0.999999999998589
146.799999999996,0.999999999998589
146.899999999996,0.999999999998589
146.999999999996,0.999999999998589
147.099999999996,0.999999999998589
147.199999999996,0.999999999998589
147.299999999996,0.999999999998589
147.399999999996,0.999999999998589
147.499999999996,0.999999999998589
147.599999999996,0.999999999998589
147.699999999996,0.999999999998589
147.799999999996,0.999999999998589
147.899999999996,0.999999999998589
147.999999999996,0.999999999998589
148.099999999996,0.999999999998589
148.199999999996,0.999999999998589
148.299999999996,0.999999999998589
148.399999999996,0.999999999998589
148.499999999996,0.999999999998589
148.599999999996,0.999999999998589
148.699999999996,0.999999999998589
148.799999999996,0.999999999998589
148.899999999996,0.999999999998589
148.999999999996,0.999999999998589
149.099999999996,0.999999999998589
149.199999999996,0.999999999998589
149.299999999996,0.999999999998589
149.399999999996,0.999999999998589
149.499999999996,0.999999999998589
149.599999999996,0.999999999998589
149.699999999996,0.999999999998589
149.799999999996,0.999999999998589
149.899999999996,0.999999999998589
149.999999999996,0.999999999998589
150.099999999996,0.999999999998589
150.199999999996,0.999999999998589
150.299999999996,0.999999999998589
150.399999999996,0.999999999998589
150.499999999996,0.999999999998589
150.599999999996,0.999999999998589
150.699999999996,0.999999999998589
150.799999999996,0.999999999998589
150.899999999996,0.999999999998589
150.999999999996,0.999999999998589
151.099999999996,0.999999999998589
151.199999999996,0.999999999998589
151.299999999996,0.999999999998589
151.399999999996,0.999999999998589
151.499999999996,0.999999999998589
151.599999999996,0.999999999998589
151.699999999996,0.999999999998589
151.799999999996,0.999999999998589
151.899999999996,0.999999999998589
151.999999999996,0.999999999998589
152.099999999996,0.999999999998589
152.199999999996,0.999999999998589
152.299999999996,0.999999999998589
152.399999999996,0.999999999998589
152.499999999996,0.999999999998589
152.599999999996,0.999999999998589
152.699999999996,0.999999999998589
152.799999999996,0.999999999998589
152.899999999996,0.999999999998589
152.999999999996,0.999999999998589
153.099999999996,0.999999999998589
153.199999999996,0.999999999998589
153.299999999996,0.999999999998589
153.399999999996,0.999999999998589
153.499999999996,0.999999999998589
153.599999999996,0.999999999998589
153.699999999996,0.999999999998589
153.799999999996,0.999999999998589
153.899999999996,0.999999999998589
153.999999999996,0.999999999998589
154.099999999996,0.999999999998589
154.199999999996,0.999999999998589
154.299999999996,0.999999999998589
154.399999999996,0.999999999998589
154.499999999996,0.999999999998589
154.599999999996,0.999999999998589
154.699999999995,0.999999999998589
154.799999999995,0.999999999998589
154.899999999995,0.999999999998589
154.999999999995,0.999999999998589
155.099999999995,0.999999999998589
155.199999999995,0.999999999998589
155.299999999995,0.999999999998589
155.399999999995,0.999999999998589
155.499999999995,0.999999999998589
155.599999999995,0.999999999998589
155.699999999995,0.999999999998589
155.799999999995,0.999999999998589
155.899999999995,0.999999999998589
155.999999999995,0.999999999998589
156.099999999995,0.999999999998589
156.199999999995,0.999999999998589
156.299999999995,0.999999999998589
156.399999999995,0.999999999998589
156.499999999995,0.999999999998589
156.599999999995,0.999999999998589
156.699999999995,0.999999999998589
156.799999999995,0.999999999998589
156.899999999995,0.999999999998589
156.999999999995,0.999999999998589
157.099999999995,0.999999999998589
157.199999999995,0.999999999998589
157.299999999995,0.999999999998589
157.399999999995,0.999999999998589
157.499999999995,0.999999999998589
157.599999999995,0.999999999998589
157.699999999995,0.999999999998589
157.799999999995,0.999999999998589
157.899999999995,0.999999999998589
157.999999999995,0.999999999998589
158.099999999995,0.999999999998589
158.199999999995,0.999999999998589
158.299999999995,0.999999999998589
158.399999999995,0.999999999998589
158.499999999995,0.999999999998589
158.599999999995,0.999999999998589
158.699999999995,0.999999999998589
158.799999999995,0.999999999998589
158.899999999995,0.999999999998589
158.999999999995,0.999999999998589
159.099999999995,0.999999999998589
159.199999999995,0.999999999998589
159.299999999995,0.999999999998589
159.399999999995,0.999999999998589
159.499999999995,0.999999999998589
159.599999999995,0.999999999998589
159.699999999995,0.999999999998589
159.799999999995,0.999999999998589
159.899999999995,0.999999999998589
159.999999999995,0.999999999998589
160.099999999995,0.999999999998589
160.199999999995,0.999999999998589
160.299999999995,0.999999999998589
160.399999999995,0.999999999998589
160.499999999995,0.999999999998589
160.599999999995,0.999999999998589
160.699999999995,0.999999999998589
160.799999999995,0.999999999998589
160.899999999995,0.999999999998589
160.999999999995,0.999999999998589
161.099999999995,0.999999999998589
161.199999999995,0.999999999998589
161.299999999995,0.999999999998589
161.399999999995,0.999999999998589
161.499999999995,0.999999999998589
161.599999999995,0.999999999998589
161.699999999995,0.999999999998589
161.799999999995,0.999999999998589
161.899999999995,0.999999999998589
161.999999999995,0.999999999998589
162.099999999995,0.999999999998589
162.199999999995,0.999999999998589
162.299999999995,0.999999999998589
162.399999999995,0.999999999998589
162.499999999995,0.999999999998589
162.599999999995,0.999999999998589
162.699999999995,0.999999999998589
162.799999999995,0.999999999998589
162.899999999995,0.999999999998589
162.999999999995,0.999999999998589
163.099999999995,0.999999999998589
163.199999999995,0.999999999998589
163.299999999995,0.999999999998589
163.399999999995,0.999999999998589
163.499999999995,0.999999999998589
163.599999999995,0.999999999998589
163.699999999995,0.999999999998589
163.799999999995,0.999999999998589
163.899999999995,0.999999999998589
163.999999999995,0.999999999998589
164.099999999995,0.999999999998589
164.199999999995,0.999999999998589
164.299999999995,0.999999999998589
164.399999999995,0.999999999998589
164.499999999995,0.999999999998589
164.599999999995,0.999999999998589
164.699999999995,0.999999999998589
164.799999999995,0.999999999998589
164.899999999995,0.999999999998589
164.999999999995,0.999999999998589
165.099999999995,0.999999999998589
165.199999999995,0.999999999998589
165.299999999995,0.999999999998589
165.399999999995,0.999999999998589
165.499999999995,0.999999999998589
165.599999999995,0.999999999998589
165.699999999995,0.999999999998589
165.799999999995,0.999999999998589
165.899999999995,0.999999999998589
165.999999999995,0.999999999998589
166.099999999995,0.999999999998589
166.199999999995,0.999999999998589
166.299999999995,0.999999999998589
166.399999999995,0.999999999998589
166.499999999995,0.999999999998589
166.599999999995,0.999999999998589
166.699999999995,0.999999999998589
166.799999999995,0.999999999998589
166.899999999995,0.999999999998589
166.999999999995,0.999999999998589
167.099999999995,0.999999999998589
167.199999999995,0.999999999998589
167.299999999995,0.999999999998589
167.399999999995,0.999999999998589
167.499999999995,0.999999999998589
167.599999999995,0.999999999998589
167.699999999995,0.999999999998589
167.799999999995,0.999999999998589
167.899999999995,0.999999999998589
167.999999999995,0.999999999998589
168.099999999995,0.999999999998589
168.199999999995,0.999999999998589
168.299999999995,0.999999999998589
168.399999999995,0.999999999998589
168.499999999995,0.999999999998589
168.599999999995,0.999999999998589
168.699999999995,0.999999999998589
168.799999999995,0.999999999998589
168.899999999995,0.999999999998589
168.999999999995,0.999999999998589
169.099999999995,0.999999999998589
169.199999999995,0.999999999998589
169.299999999995,0.999999999998589
169.399999999995,0.999999999998589
169.499999999995,0.999999999998589
169.599999999995,0.999999999998589
169.699999999995,0.999999999998589
169.799999999995,0.999999999998589
169.899999999995,0.999999999998589
169.999999999995,0.999999999998589
170.099999999995,0.999999999998589
170.199999999995,0.999999999998589
170.299999999995,0.999999999998589
170.399999999995,0.999999999998589
170.499999999995,0.999999999998589
170.599999999995,0.999999999998589
170.699999999995,0.999999999998589
170.799999999995,0.999999999998589
170.899999999995,0.999999999998589
170.999999999995,0.999999999998589
171.099999999995,0.999999999998589
171.199999999995,0.999999999998589
171.299999999995,0.999999999998589
171.399999999995,0.999999999998589
171.499999999995,0.999999999998589
171.599999999995,0.999999999998589
171.699999999995,0.999999999998589
171.799999999995,0.999999999998589
171.899999999995,0.999999999998589
171.999999999995,0.999999999998589
172.099999999995,0.999999999998589
172.199999999995,0.999999999998589
172.299999999994,0.999999999998589
172.399999999994,0.999999999998589
172.499999999994,0.999999999998589
172.599999999994,0.999999999998589
172.699999999994,0.999999999998589
172.799999999994,0.999999999998589
172.899999999994,0.999999999998589
172.999999999994,0.999999999998589
173.099999999994,0.999999999998589
173.199999999994,0.999999999998589
173.299999999994,0.999999999998589
173.399999999994,0.999999999998589
173.499999999994,0.999999999998589
173.599999999994,0.999999999998589
173.699999999994,0.999999999998589
173.799999999994,0.999999999998589
173.899999999994,0.999999999998589
173.999999999994,0.999999999998589
174.099999999994,0.999999999998589
174.199999999994,0.999999999998589
174.299999999994,0.999999999998589
174.399999999994,0.999999999998589
174.499999999994,0.999999999998589
174.599999999994,0.999999999998589
174.699999999994,0.999999999998589
174.799999999994,0.999999999998589
174.899999999994,0.999999999998589
174.999999999994,0.999999999998589
175.099999999994,0.999999999998589
175.199999999994,0.999999999998589
175.299999999994,0.999999999998589
175.399999999994,0.999999999998589
175.499999999994,0.999999999998589
175.599999999994,0.999999999998589
175.699999999994,0.999999999998589
175.799999999994,0.999999999998589
175.899999999994,0.999999999998589
175.999999999994,0.999999999998589
176.099999999994,0.999999999998589
176.199999999994,0.999999999998589
176.299999999994,0.999999999998589
176.399999999994,0.999999999998589
176.499999999994,0.999999999998589
176.599999999994,0.999999999998589
176.699999999994,0.999999999998589
176.799999999994,0.999999999998589
176.899999999994,0.999999999998589
176.999999999994,0.999999999998589
177.099999999994,0.999999999998589
177.199999999994,0.999999999998589
177.299999999994,0.999999999998589
177.399999999994,0.999999999998589
177.499999999994,0.999999999998589
177.599999999994,0.999999999998589
177.699999999994,0.999999999998589
177.799999999994,0.999999999998589
177.899999999994,0.999999999998589
177.999999999994,0.999999999998589
178.099999999994,0.999999999998589
178.199999999994,0.999999999998589
178.299999999994,0.999999999998589
178.399999999994,0.999999999998589
178.499999999994,0.999999999998589
178.599999999994,0.999999999998589
178.699999999994,0.999999999998589
178.799999999994,0.999999999998589
178.899999999994,0.999999999998589
178.999999999994,0.999999999998589
179.099999999994,0.999999999998589
179.199999999994,0.999999999998589
179.299999999994,0.999999999998589
179.399999999994,0.999999999998589
179.499999999994,0.999999999998589
179.599999999994,0.999999999998589
179.699999999994,0.999999999998589
179.799999999994,0.999999999998589
179.899999999994,0.999999999998589
179.999999999994,0.999999999998589
180.099999999994,0.999999999998589
180.199999999994,0.999999999998589
180.299999999994,0.999999999998589
180.399999999994,0.999999999998589
180.499999999994,0.999999999998589
180.599999999994,0.999999999998589
180.699999999994,0.999999999998589
180.799999999994,0.999999999998589
180.899999999994,0.999999999998589
180.999999999994,0.999999999998589
181.099999999994,0.999999999998589
181.199999999994,0.999999999998589
181.299999999994,0.999999999998589
181.399999999994,0.999999999998589
181.499999999994,0.999999999998589
181.599999999994,0.999999999998589
181.699999999994,0.999999999998589
181.799999999994,0.999999999998589
181.899999999994,0.999999999998589
181.999999999994,0.999999999998589
182.099999999994,0.999999999998589
182.199999999994,0.999999999998589
182.299999999994,0.999999999998589
182.399999999994,0.999999999998589
182.499999999994,0.999999999998589
182.599999999994,0.999999999998589
182.699999999994,0.999999999998589
182.799999999994,0.999999999998589
182.899999999994,0.999999999998589
182.999999999994,0.999999999998589
183.099999999994,0.999999999998589
183.199999999994,0.999999999998589
183.299999999994,0.999999999998589
183.399999999994,0.999999999998589
183.499999999994,0.999999999998589
183.599999999994,0.999999999998589
183.699999999994,0.999999999998589
183.799999999994,0.999999999998589
183.899999999994,0.999999999998589
183.999999999994,0.999999999998589
184.099999999994,0.999999999998589
184.199999999994,0.999999999998589
184.299999999994,0.999999999998589
184.399999999994,0.999999999998589
184.499999999994,0.999999999998589
184.599999999994,0.999999999998589
184.699999999994,0.999999999998589
184.799999999994,0.999999999998589
184.899999999994,0.999999999998589
184.999999999994,0.999999999998589
185.099999999994,0.999999999998589
185.199999999994,0.999999999998589
185.299999999994,0.999999999998589
185.399999999994,0.999999999998589
185.499999999994,0.999999999998589
185.599999999994,0.999999999998589
185.699999999994,0.999999999998589
185.799999999994,0.999999999998589
185.899999999994,0.999999999998589
185.999999999994,0.999999999998589
186.099999999994,0.999999999998589
186.199999999994,0.999999999998589
186.299999999994,0.999999999998589
186.399999999994,0.999999999998589
186.499999999994,0.999999999998589
186.599999999994,0.999999999998589
186.699999999994,0.999999999998589
186.799999999994,0.999999999998589
186.899999999994,0.999999999998589
186.999999999994,0.999999999998589
187.099999999994,0.999999999998589
187.199999999994,0.999999999998589
187.299999999994,0.999999999998589
187.399999999994,0.999999999998589
187.499999999994,0.999999999998589
187.599999999994,0.999999999998589
187.699999999994,0.999999999998589
187.799999999994,0.999999999998589
187.899999999994,0.999999999998589
187.999999999994,0.999999999998589
188.099999999994,0.999999999998589
188.199999999994,0.999999999998589
188.299999999994,0.999999999998589
188.399999999994,0.999999999998589
188.499999999994,0.999999999998589
188.599999999994,0.999999999998589
188.699999999994,0.999999999998589
188.799999999994,0.999999999998589
188.899999999994,0.999999999998589
188.999999999994,0.999999999998589
189.099999999994,0.999999999998589
189.199999999994,0.999999999998589
189.299999999994,0.999999999998589
189.399999999994,0.999999999998589
189.499999999994,0.999999999998589
189.599999999994,0.999999999998589
189.699999999994,0.999999999998589
189.799999999994,0.999999999998589
189.899999999993,0.999999999998589
189.999999999993,0.999999999998589
190.099999999993,0.999999999998589
190.199999999993,0.999999999998589
190.299999999993,0.999999999998589
190.399999999993,0.999999999998589
190.499999999993,0.999999999998589
190.599999999993,0.999999999998589
190.699999999993,0.999999999998589
190.799999999993,0.999999999998589
190.899999999993,0.999999999998589
190.999999999993,0.999999999998589
191.099999999993,0.999999999998589
191.199999999993,0.999999999998589
191.299999999993,0.999999999998589
191.399999999993,0.999999999998589
191.499999999993,0.999999999998589
191.599999999993,0.999999999998589
191.699999999993,0.999999999998589
191.799999999993,0.999999999998589
191.899999999993,0.999999999998589
191.999999999993,0.999999999998589
192.099999999993,0.999999999998589
192.199999999993,0.999999999998589
192.299999999993,0.999999999998589
192.399999999993,0.999999999998589
192.499999999993,0.999999999998589
192.599999999993,0.999999999998589
192.699999999993,0.999999999998589
192.799999999993,0.999999999998589
192.899999999993,0.999999999998589
192.999999999993,0.999999999998589
193.099999999993,0.999999999998589
193.199999999993,0.999999999998589
193.299999999993,0.999999999998589
193.399999999993,0.999999999998589
193.499999999993,0.999999999998589
193.599999999993,0.999999999998589
193.699999999993,0.999999999998589
193.799999999993,0.999999999998589
193.899999999993,0.999999999998589
193.999999999993,0.999999999998589
194.099999999993,0.999999999998589
194.199999999993,0.999999999998589
194.299999999993,0.999999999998589
194.399999999993,0.999999999998589
194.499999999993,0.999999999998589
194.599999999993,0.999999999998589
194.699999999993,0.999999999998589
194.799999999993,0.999999999998589
194.899999999993,0.999999999998589
194.999999999993,0.999999999998589
195.099999999993,0.999999999998589
195.199999999993,0.999999999998589
195.299999999993,0.999999999998589
195.399999999993,0.999999999998589
195.499999999993,0.999999999998589
195.599999999993,0.999999999998589
195.699999999993,0.999999999998589
195.799999999993,0.999999999998589
195.899999999993,0.999999999998589
195.999999999993,0.999999999998589
196.099999999993,0.999999999998589
196.199999999993,0.999999999998589
196.299999999993,0.999999999998589
196.399999999993,0.999999999998589
196.499999999993,0.999999999998589
196.599999999993,0.999999999998589
196.699999999993,0.999999999998589
196.799999999993,0.999999999998589
196.899999999993,0.999999999998589
196.999999999993,0.999999999998589
197.099999999993,0.999999999998589
197.199999999993,0.999999999998589
197.299999999993,0.999999999998589
197.399999999993,0.999999999998589
197.499999999993,0.999999999998589
197.599999999993,0.999999999998589
197.699999999993,0.999999999998589
197.799999999993,0.999999999998589
197.899999999993,0.999999999998589
197.999999999993,0.999999999998589
198.099999999993,0.999999999998589
198.199999999993,0.999999999998589
198.299999999993,0.999999999998589
198.399999999993,0.999999999998589
198.499999999993,0.999999999998589
198.599999999993,0.999999999998589
198.699999999993,0.999999999998589
198.799999999993,0.999999999998589
198.899999999993,0.999999999998589
198.999999999993,0.999999999998589
199.099999999993,0.999999999998589
199.199999999993,0.999999999998589
199.299999999993,0.999999999998589
199.399999999993,0.999999999998589
199.499999999993,0.999999999998589
199.599999999993,0.999999999998589
199.699999999993,0.999999999998589
199.799999999993,0.999999999998589
199.899999999993,0.999999999998589
199.999999999993,0.999999999998589
200.099999999993,0.999999999998589
200.199999999993,0.999999999998589
200.299999999993,0.999999999998589
200.399999999993,0.999999999998589
200.499999999993,0.999999999998589
200.599999999993,0.999999999998589
200.699999999993,0.999999999998589
200.799999999993,0.999999999998589
200.899999999993,0.999999999998589
200.999999999993,0.999999999998589
201.099999999993,0.999999999998589
201.199999999993,0.999999999998589
201.299999999993,0.999999999998589
201.399999999993,0.999999999998589
201.499999999993,0.999999999998589
201.599999999993,0.999999999998589
201.699999999993,0.999999999998589
201.799999999993,0.999999999998589
201.899999999993,0.999999999998589
201.999999999993,0.999999999998589
202.099999999993,0.999999999998589
202.199999999993,0.999999999998589
202.299999999993,0.999999999998589
202.399999999993,0.999999999998589
202.499999999993,0.999999999998589
202.599999999993,0.999999999998589
202.699999999993,0.999999999998589
202.799999999993,0.999999999998589
202.899999999993,0.999999999998589
202.999999999993,0.999999999998589
203.099999999993,0.999999999998589
203.199999999993,0.999999999998589
203.299999999993,0.999999999998589
203.399999999993,0.999999999998589
203.499999999993,0.999999999998589
203.599999999993,0.999999999998589
203.699999999993,0.999999999998589
203.799999999993,0.999999999998589
203.899999999993,0.999999999998589
203.999999999993,0.999999999998589
204.099999999993,0.999999999998589
204.199999999993,0.999999999998589
204.299999999993,0.999999999998589
204.399999999993,0.999999999998589
204.499999999993,0.999999999998589
204.599999999993,0.999999999998589
204.699999999993,0.999999999998589
204.799999999993,0.999999999998589
204.899999999993,0.999999999998589
204.999999999993,0.999999999998589
205.099999999993,0.999999999998589
205.199999999993,0.999999999998589
205.299999999993,0.999999999998589
205.399999999993,0.999999999998589
205.499999999993,0.999999999998589
205.599999999993,0.999999999998589
205.699999999993,0.999999999998589
205.799999999993,0.999999999998589
205.899999999993,0.999999999998589
205.999999999993,0.999999999998589
206.099999999993,0.999999999998589
206.199999999993,0.999999999998589
206.299999999993,0.999999999998589
206.399999999993,0.999999999998589
206.499999999993,0.999999999998589
206.599999999993,0.999999999998589
206.699999999993,0.999999999998589
206.799999999993,0.999999999998589
206.899999999993,0.999999999998589
206.999999999993,0.999999999998589
207.099999999993,0.999999999998589
207.199999999993,0.999999999998589
207.299999999993,0.999999999998589
207.399999999993,0.999999999998589
207.499999999992,0.999999999998589
207.599999999992,0.999999999998589
207.699999999992,0.999999999998589
207.799999999992,0.999999999998589
207.899999999992,0.999999999998589
207.999999999992,0.999999999998589
208.099999999992,0.999999999998589
208.199999999992,0.999999999998589
208.299999999992,0.999999999998589
208.399999999992,0.999999999998589
208.499999999992,0.999999999998589
208.599999999992,0.999999999998589
208.699999999992,0.999999999998589
208.799999999992,0.999999999998589
208.899999999992,0.999999999998589
208.999999999992,0.999999999998589
209.099999999992,0.999999999998589
209.199999999992,0.999999999998589
209.299999999992,0.999999999998589
209.399999999992,0.999999999998589
209.499999999992,0.999999999998589
209.599999999992,0.999999999998589
209.699999999992,0.999999999998589
209.799999999992,0.999999999998589
209.899999999992,0.999999999998589
209.999999999992,0.999999999998589
210.099999999992,0.999999999998589
210.199999999992,0.999999999998589
210.299999999992,0.999999999998589
210.399999999992,0.999999999998589
210.499999999992,0.999999999998589
210.599999999992,0.999999999998589
210.699999999992,0.999999999998589
210.799999999992,0.999999999998589
210.899999999992,0.999999999998589
210.999999999992,0.999999999998589
211.099999999992,0.999999999998589
211.199999999992,0.999999999998589
211.299999999992,0.999999999998589
211.399999999992,0.999999999998589
211.499999999992,0.999999999998589
211.599999999992,0.999999999998589
211.699999999992,0.999999999998589
211.799999999992,0.999999999998589
211.899999999992,0.999999999998589
211.999999999992,0.999999999998589
212.099999999992,0.999999999998589
212.199999999992,0.999999999998589
212.299999999992,0.999999999998589
212.399999999992,0.999999999998589
212.499999999992,0.999999999998589
212.599999999992,0.999999999998589
212.699999999992,0.999999999998589
212.799999999992,0.999999999998589
212.899999999992,0.999999999998589
212.999999999992,0.999999999998589
213.099999999992,0.999999999998589
213.199999999992,0.999999999998589
213.299999999992,0.999999999998589
213.399999999992,0.999999999998589
213.499999999992,0.999999999998589
213.599999999992,0.999999999998589
213.699999999992,0.999999999998589
213.799999999992,0.999999999998589
213.899999999992,0.999999999998589
213.999999999992,0.999999999998589
214.099999999992,0.999999999998589
214.199999999992,0.999999999998589
214.299999999992,0.999999999998589
214.399999999992,0.999999999998589
214.499999999992,0.999999999998589
214.599999999992,0.999999999998589
214.699999999992,0.999999999998589
214.799999999992,0.999999999998589
214.899999999992,0.999999999998589
214.999999999992,0.999999999998589
215.099999999992,0.999999999998589
215.199999999992,0.999999999998589
215.299999999992,0.999999999998589
215.399999999992,0.999999999998589
215.499999999992,0.999999999998589
215.599999999992,0.999999999998589
215.699999999992,0.999999999998589
215.799999999992,0.999999999998589
215.899999999992,0.999999999998589
215.999999999992,0.999999999998589
216.099999999992,0.999999999998589
216.199999999992,0.999999999998589
216.299999999992,0.999999999998589
216.399999999992,0.999999999998589
216.499999999992,0.999999999998589
216.599999999992,0.999999999998589
216.699999999992,0.999999999998589
216.799999999992,0.999999999998589
216.899999999992,0.999999999998589
216.999999999992,0.999999999998589
217.099999999992,0.999999999998589
217.199999999992,0.999999999998589
217.299999999992,0.999999999998589
217.399999999992,0.999999999998589
217.499999999992,0.999999999998589
217.599999999992,0.999999999998589
217.699999999992,0.999999999998589
217.799999999992,0.999999999998589
217.899999999992,0.999999999998589
217.999999999992,0.999999999998589
218.099999999992,0.999999999998589
218.199999999992,0.999999999998589
218.299999999992,0.999999999998589
218.399999999992,0.999999999998589
218.499999999992,0.999999999998589
218.599999999992,0.999999999998589
218.699999999992,0.999999999998589
218.799999999992,0.999999999998589
218.899999999992,0.999999999998589
218.999999999992,0.999999999998589
219.099999999992,0.999999999998589
219.199999999992,0.999999999998589
219.299999999992,0.999999999998589
219.399999999992,0.999999999998589
219.499999999992,0.999999999998589
219.599999999992,0.999999999998589
219.699999999992,0.999999999998589
219.799999999992,0.999999999998589
219.899999999992,0.999999999998589
219.999999999992,0.999999999998589
220.099999999992,0.999999999998589
220.199999999992,0.999999999998589
220.299999999992,0.999999999998589
220.399999999992,0.999999999998589
220.499999999992,0.999999999998589
220.599999999992,0.999999999998589
220.699999999992,0.999999999998589
220.799999999992,0.999999999998589
220.899999999992,0.999999999998589
220.999999999992,0.999999999998589
221.099999999992,0.999999999998589
221.199999999992,0.999999999998589
221.299999999992,0.999999999998589
221.399999999992,0.999999999998589
221.499999999992,0.999999999998589
221.599999999992,0.999999999998589
221.699999999992,0.999999999998589
221.799999999992,0.999999999998589
221.899999999992,0.999999999998589
221.999999999992,0.999999999998589
222.099999999992,0.999999999998589
222.199999999992,0.999999999998589
222.299999999992,0.999999999998589
222.399999999992,0.999999999998589
222.499999999992,0.999999999998589
222.599999999992,0.999999999998589
222.699999999992,0.999999999998589
222.799999999992,0.999999999998589
222.899999999992,0.999999999998589
222.999999999992,0.999999999998589
223.099999999992,0.999999999998589
223.199999999992,0.999999999998589
223.299999999992,0.999999999998589
223.399999999992,0.999999999998589
223.499999999992,0.999999999998589
223.599999999992,0.999999999998589
223.699999999992,0.999999999998589
223.799999999992,0.999999999998589
223.899999999992,0.999999999998589
223.999999999992,0.999999999998589
224.099999999992,0.999999999998589
224.199999999992,0.999999999998589
224.299999999992,0.999999999998589
224.399999999992,0.999999999998589
224.499999999992,0.999999999998589
224.599999999992,0.999999999998589
224.699999999992,0.999999999998589
224.799999999992,0.999999999998589
224.899999999992,0.999999999998589
224.999999999992,0.999999999998589
225.099999999991,0.999999999998589
225.199999999991,0.999999999998589
225.299999999991,0.999999999998589
225.399999999991,0.999999999998589
225.499999999991,0.999999999998589
225.599999999991,0.999999999998589
225.699999999991,0.999999999998589
225.799999999991,0.999999999998589
225.899999999991,0.999999999998589
225.999999999991,0.999999999998589
226.099999999991,0.999999999998589
226.199999999991,0.999999999998589
226.299999999991,0.999999999998589
226.399999999991,0.999999999998589
226.499999999991,0.999999999998589
226.599999999991,0.999999999998589
226.699999999991,0.999999999998589
226.799999999991,0.999999999998589
226.899999999991,0.999999999998589
226.999999999991,0.999999999998589
227.099999999991,0.999999999998589
227.199999999991,0.999999999998589
227.299999999991,0.999999999998589
227.399999999991,0.999999999998589
227.499999999991,0.999999999998589
227.599999999991,0.999999999998589
227.699999999991,0.999999999998589
227.799999999991,0.999999999998589
227.899999999991,0.999999999998589
227.999999999991,0.999999999998589
228.099999999991,0.999999999998589
228.199999999991,0.999999999998589
228.299999999991,0.999999999998589
228.399999999991,0.999999999998589
228.499999999991,0.999999999998589
228.599999999991,0.999999999998589
228.699999999991,0.999999999998589
228.799999999991,0.999999999998589
228.899999999991,0.999999999998589
228.999999999991,0.999999999998589
229.099999999991,0.999999999998589
229.199999999991,0.999999999998589
229.299999999991,0.999999999998589
229.399999999991,0.999999999998589
229.499999999991,0.999999999998589
229.599999999991,0.999999999998589
229.699999999991,0.999999999998589
229.799999999991,0.999999999998589
229.899999999991,0.999999999998589
229.999999999991,0.999999999998589
230.099999999991,0.999999999998589
230.199999999991,0.999999999998589
230.299999999991,0.999999999998589
230.399999999991,0.999999999998589
230.499999999991,0.999999999998589
230.599999999991,0.999999999998589
230.699999999991,0.999999999998589
230.799999999991,0.999999999998589
230.899999999991,0.999999999998589
230.999999999991,0.999999999998589
231.099999999991,0.999999999998589
231.199999999991,0.999999999998589
231.299999999991,0.999999999998589
231.399999999991,0.999999999998589
231.499999999991,0.999999999998589
231.599999999991,0.999999999998589
231.699999999991,0.999999999998589
231.799999999991,0.999999999998589
231.899999999991,0.999999999998589
231.999999999991,0.999999999998589
232.099999999991,0.999999999998589
232.199999999991,0.999999999998589
232.299999999991,0.999999999998589
232.399999999991,0.999999999998589
232.499999999991,0.999999999998589
232.599999999991,0.999999999998589
232.699999999991,0.999999999998589
232.799999999991,0.999999999998589
232.899999999991,0.999999999998589
232.999999999991,0.999999999998589
233.099999999991,0.999999999998589
233.199999999991,0.999999999998589
233.299999999991,0.999999999998589
233.399999999991,0.999999999998589
233.499999999991,0.999999999998589
233.599999999991,0.999999999998589
233.699999999991,0.999999999998589
233.799999999991,0.999999999998589
233.899999999991,0.999999999998589
233.999999999991,0.999999999998589
234.099999999991,0.999999999998589
234.199999999991,0.999999999998589
234.299999999991,0.999999999998589
234.399999999991,0.999999999998589
234.499999999991,0.999999999998589
234.599999999991,0.999999999998589
234.699999999991,0.999999999998589
234.799999999991,0.999999999998589
234.899999999991,0.999999999998589
234.999999999991,0.999999999998589
235.099999999991,0.999999999998589
235.199999999991,0.999999999998589
235.299999999991,0.999999999998589
235.399999999991,0.999999999998589
235.499999999991,0.999999999998589
235.599999999991,0.999999999998589
235.699999999991,0.999999999998589
235.799999999991,0.999999999998589
235.899999999991,0.999999999998589
235.999999999991,0.999999999998589
236.099999999991,0.999999999998589
236.199999999991,0.999999999998589
236.299999999991,0.999999999998589
236.399999999991,0.999999999998589
236.499999999991,0.999999999998589
236.599999999991,0.999999999998589
236.699999999991,0.999999999998589
236.799999999991,0.999999999998589
236.899999999991,0.999999999998589
236.999999999991,0.999999999998589
237.099999999991,0.999999999998589
237.199999999991,0.999999999998589
237.299999999991,0.999999999998589
237.399999999991,0.999999999998589
237.499999999991,0.999999999998589
237.599999999991,0.999999999998589
237.699999999991,0.999999999998589
237.799999999991,0.999999999998589
237.899999999991,0.999999999998589
237.999999999991,0.999999999998589
238.099999999991,0.999999999998589
238.199999999991,0.999999999998589
238.299999999991,0.999999999998589
238.399999999991,0.999999999998589
238.499999999991,0.999999999998589
238.599999999991,0.999999999998589
238.699999999991,0.999999999998589
238.799999999991,0.999999999998589
238.899999999991,0.999999999998589
238.999999999991,0.999999999998589
239.099999999991,0.999999999998589
239.199999999991,0.999999999998589
239.299999999991,0.999999999998589
239.399999999991,0.999999999998589
239.499999999991,0.999999999998589
239.599999999991,0.999999999998589
239.699999999991,0.999999999998589
239.799999999991,0.999999999998589
239.899999999991,0.999999999998589
239.999999999991,0.999999999998589
240.099999999991,0.999999999998589
240.199999999991,0.999999999998589
240.299999999991,0.999999999998589
240.399999999991,0.999999999998589
240.499999999991,0.999999999998589
240.599999999991,0.999999999998589
240.699999999991,0.999999999998589
240.799999999991,0.999999999998589
240.899999999991,0.999999999998589
240.999999999991,0.999999999998589
241.099999999991,0.999999999998589
241.199999999991,0.999999999998589
241.299999999991,0.999999999998589
241.399999999991,0.999999999998589
241.499999999991,0.999999999998589
241.599999999991,0.999999999998589
241.699999999991,0.999999999998589
241.799999999991,0.999999999998589
241.899999999991,0.999999999998589
241.999999999991,0.999999999998589
242.099999999991,0.999999999998589
242.199999999991,0.999999999998589
242.299999999991,0.999999999998589
242.399999999991,0.999999999998589
242.499999999991,0.999999999998589
242.599999999991,0.999999999998589
242.69999999999,0.999999999998589
242.79999999999,0.999999999998589
242.89999999999,0.999999999998589
242.99999999999,0.999999999998589
243.09999999999,0.999999999998589
243.19999999999,0.999999999998589
243.29999999999,0.999999999998589
243.39999999999,0.999999999998589
243.49999999999,0.999999999998589
243.59999999999,0.999999999998589
243.69999999999,0.999999999998589
243.79999999999,0.999999999998589
243.89999999999,0.999999999998589
243.99999999999,0.999999999998589
244.09999999999,0.999999999998589
244.19999999999,0.999999999998589
244.29999999999,0.999999999998589
244.39999999999,0.999999999998589
244.49999999999,0.999999999998589
244.59999999999,0.999999999998589
244.69999999999,0.999999999998589
244.79999999999,0.999999999998589
244.89999999999,0.999999999998589
244.99999999999,0.999999999998589
245.09999999999,0.999999999998589
245.19999999999,0.999999999998589
245.29999999999,0.999999999998589
245.39999999999,0.999999999998589
245.49999999999,0.999999999998589
245.59999999999,0.999999999998589
245.69999999999,0.999999999998589
245.79999999999,0.999999999998589
245.89999999999,0.999999999998589
245.99999999999,0.999999999998589
246.09999999999,0.999999999998589
246.19999999999,0.999999999998589
246.29999999999,0.999999999998589
246.39999999999,0.999999999998589
246.49999999999,0.999999999998589
246.59999999999,0.999999999998589
246.69999999999,0.999999999998589
246.79999999999,0.999999999998589
246.89999999999,0.999999999998589
246.99999999999,0.999999999998589
247.09999999999,0.999999999998589
247.19999999999,0.999999999998589
247.29999999999,0.999999999998589
247.39999999999,0.999999999998589
247.49999999999,0.999999999998589
247.59999999999,0.999999999998589
247.69999999999,0.999999999998589
247.79999999999,0.999999999998589
247.89999999999,0.999999999998589
247.99999999999,0.999999999998589
248.09999999999,0.999999999998589
248.19999999999,0.999999999998589
248.29999999999,0.999999999998589
248.39999999999,0.999999999998589
248.49999999999,0.999999999998589
248.59999999999,0.999999999998589
248.69999999999,0.999999999998589
248.79999999999,0.999999999998589
248.89999999999,0.999999999998589
248.99999999999,0.999999999998589
249.09999999999,0.999999999998589
249.19999999999,0.999999999998589
249.29999999999,0.999999999998589
249.39999999999,0.999999999998589
249.49999999999,0.999999999998589
249.59999999999,0.999999999998589
249.69999999999,0.999999999998589
249.79999999999,0.999999999998589
249.89999999999,0.999999999998589
249.99999999999,0.999999999998589
250.09999999999,0.999999999998589
250.19999999999,0.999999999998589
250.29999999999,0.999999999998589
250.39999999999,0.999999999998589
250.49999999999,0.999999999998589
250.59999999999,0.999999999998589
250.69999999999,0.999999999998589
250.79999999999,0.999999999998589
250.89999999999,0.999999999998589
250.99999999999,0.999999999998589
251.09999999999,0.999999999998589
251.19999999999,0.999999999998589
251.29999999999,0.999999999998589
251.39999999999,0.999999999998589
251.49999999999,0.999999999998589
251.59999999999,0.999999999998589
251.69999999999,0.999999999998589
251.79999999999,0.999999999998589
251.89999999999,0.999999999998589
251.99999999999,0.999999999998589
252.09999999999,0.999999999998589
252.19999999999,0.999999999998589
252.29999999999,0.999999999998589
252.39999999999,0.999999999998589
252.49999999999,0.999999999998589
252.59999999999,0.999999999998589
252.69999999999,0.999999999998589
252.79999999999,0.999999999998589
252.89999999999,0.999999999998589
252.99999999999,0.999999999998589
253.09999999999,0.999999999998589
253.19999999999,0.999999999998589
253.29999999999,0.999999999998589
253.39999999999,0.999999999998589
253.49999999999,0.999999999998589
253.59999999999,0.999999999998589
253.69999999999,0.999999999998589
253.79999999999,0.999999999998589
253.89999999999,0.999999999998589
253.99999999999,0.999999999998589
254.09999999999,0.999999999998589
254.19999999999,0.999999999998589
254.29999999999,0.999999999998589
254.39999999999,0.999999999998589
254.49999999999,0.999999999998589
254.59999999999,0.999999999998589
254.69999999999,0.999999999998589
254.79999999999,0.999999999998589
254.89999999999,0.999999999998589
254.99999999999,0.999999999998589
255.09999999999,0.999999999998589
255.19999999999,0.999999999998589
255.29999999999,0.999999999998589
255.39999999999,0.999999999998589
255.49999999999,0.999999999998589
255.59999999999,0.999999999998589
255.69999999999,0.999999999998589
255.79999999999,0.999999999998589
255.89999999999,0.999999999998589
255.99999999999,0.999999999998589
256.09999999999,0.999999999998589
256.19999999999,0.999999999998589
256.29999999999,0.999999999998589
256.39999999999,0.999999999998589
256.49999999999,0.999999999998589
256.59999999999,0.999999999998589
256.69999999999,0.999999999998589
256.79999999999,0.999999999998589
256.89999999999,0.999999999998589
256.99999999999,0.999999999998589
257.09999999999,0.999999999998589
257.19999999999,0.999999999998589
257.29999999999,0.999999999998589
257.39999999999,0.999999999998589
257.49999999999,0.999999999998589
257.59999999999,0.999999999998589
257.69999999999,0.999999999998589
257.79999999999,0.999999999998589
257.89999999999,0.999999999998589
257.99999999999,0.999999999998589
258.09999999999,0.999999999998589
258.19999999999,0.999999999998589
258.29999999999,0.999999999998589
258.39999999999,0.999999999998589
258.49999999999,0.999999999998589
258.59999999999,0.999999999998589
258.69999999999,0.999999999998589
258.79999999999,0.999999999998589
258.89999999999,0.999999999998589
258.99999999999,0.999999999998589
259.09999999999,0.999999999998589
259.19999999999,0.999999999998589
259.29999999999,0.999999999998589
259.39999999999,0.999999999998589
259.499999999991,0.999999999998589
259.599999999991,0.999999999998589
259.699999999991,0.999999999998589
259.799999999991,0.999999999998589
259.899999999991,0.999999999998589
259.999999999991,0.999999999998589
260.099999999991,0.999999999998589
260.199999999991,0.999999999998589
260.299999999991,0.999999999998589
260.399999999991,0.999999999998589
260.499999999991,0.999999999998589
260.599999999991,0.999999999998589
260.699999999991,0.999999999998589
260.799999999991,0.999999999998589
260.899999999991,0.999999999998589
260.999999999991,0.999999999998589
261.099999999991,0.999999999998589
261.199999999991,0.999999999998589
261.299999999991,0.999999999998589
261.399999999991,0.999999999998589
261.499999999991,0.999999999998589
261.599999999991,0.999999999998589
261.699999999991,0.999999999998589
261.799999999991,0.999999999998589
261.899999999991,0.999999999998589
261.999999999991,0.999999999998589
262.099999999991,0.999999999998589
262.199999999991,0.999999999998589
262.299999999991,0.999999999998589
262.399999999991,0.999999999998589
262.499999999991,0.999999999998589
262.599999999991,0.999999999998589
262.699999999991,0.999999999998589
262.799999999991,0.999999999998589
262.899999999991,0.999999999998589
262.999999999991,0.999999999998589
263.099999999991,0.999999999998589
263.199999999991,0.999999999998589
263.299999999991,0.999999999998589
263.399999999991,0.999999999998589
263.499999999991,0.999999999998589
263.599999999991,0.999999999998589
263.699999999991,0.999999999998589
263.799999999991,0.999999999998589
263.899999999992,0.999999999998589
263.999999999992,0.999999999998589
264.099999999992,0.999999999998589
264.199999999992,0.999999999998589
264.299999999992,0.999999999998589
264.399999999992,0.999999999998589
264.499999999992,0.999999999998589
264.599999999992,0.999999999998589
264.699999999992,0.999999999998589
264.799999999992,0.999999999998589
264.899999999992,0.999999999998589
264.999999999992,0.999999999998589
265.099999999992,0.999999999998589
265.199999999992,0.999999999998589
265.299999999992,0.999999999998589
265.399999999992,0.999999999998589
265.499999999992,0.999999999998589
265.599999999992,0.999999999998589
265.699999999992,0.999999999998589
265.799999999992,0.999999999998589
265.899999999992,0.999999999998589
265.999999999992,0.999999999998589
266.099999999992,0.999999999998589
266.199999999992,0.999999999998589
266.299999999992,0.999999999998589
266.399999999992,0.999999999998589
266.499999999992,0.999999999998589
266.599999999992,0.999999999998589
266.699999999992,0.999999999998589
266.799999999992,0.999999999998589
266.899999999992,0.999999999998589
266.999999999992,0.999999999998589
267.099999999992,0.999999999998589
267.199999999992,0.999999999998589
267.299999999992,0.999999999998589
267.399999999992,0.999999999998589
267.499999999992,0.999999999998589
267.599999999992,0.999999999998589
267.699999999992,0.999999999998589
267.799999999992,0.999999999998589
267.899999999992,0.999999999998589
267.999999999992,0.999999999998589
268.099999999992,0.999999999998589
268.199999999992,0.999999999998589
268.299999999993,0.999999999998589
268.399999999993,0.999999999998589
268.499999999993,0.999999999998589
268.599999999993,0.999999999998589
268.699999999993,0.999999999998589
268.799999999993,0.999999999998589
268.899999999993,0.999999999998589
268.999999999993,0.999999999998589
269.099999999993,0.999999999998589
269.199999999993,0.999999999998589
269.299999999993,0.999999999998589
269.399999999993,0.999999999998589
269.499999999993,0.999999999998589
269.599999999993,0.999999999998589
269.699999999993,0.999999999998589
269.799999999993,0.999999999998589
269.899999999993,0.999999999998589
269.999999999993,0.999999999998589
270.099999999993,0.999999999998589
270.199999999993,0.999999999998589
270.299999999993,0.999999999998589
270.399999999993,0.999999999998589
270.499999999993,0.999999999998589
270.599999999993,0.999999999998589
270.699999999993,0.999999999998589
270.799999999993,0.999999999998589
270.899999999993,0.999999999998589
270.999999999993,0.999999999998589
271.099999999993,0.999999999998589
271.199999999993,0.999999999998589
271.299999999993,0.999999999998589
271.399999999993,0.999999999998589
271.499999999993,0.999999999998589
271.599999999993,0.999999999998589
271.699999999993,0.999999999998589
271.799999999993,0.999999999998589
271.899999999993,0.999999999998589
271.999999999993,0.999999999998589
272.099999999993,0.999999999998589
272.199999999993,0.999999999998589
272.299999999993,0.999999999998589
272.399999999993,0.999999999998589
272.499999999993,0.999999999998589
272.599999999993,0.999999999998589
272.699999999994,0.999999999998589
272.799999999994,0.999999999998589
272.899999999994,0.999999999998589
272.999999999994,0.999999999998589
273.099999999994,0.999999999998589
273.199999999994,0.999999999998589
273.299999999994,0.999999999998589
273.399999999994,0.999999999998589
273.499999999994,0.999999999998589
273.599999999994,0.999999999998589
273.699999999994,0.999999999998589
273.799999999994,0.999999999998589
273.899999999994,0.999999999998589
273.999999999994,0.999999999998589
274.099999999994,0.999999999998589
274.199999999994,0.999999999998589
274.299999999994,0.999999999998589
274.399999999994,0.999999999998589
274.499999999994,0.999999999998589
274.599999999994,0.999999999998589
274.699999999994,0.999999999998589
274.799999999994,0.999999999998589
274.899999999994,0.999999999998589
274.999999999994,0.999999999998589
275.099999999994,0.999999999998589
275.199999999994,0.999999999998589
275.299999999994,0.999999999998589
275.399999999994,0.999999999998589
275.499999999994,0.999999999998589
275.599999999994,0.999999999998589
275.699999999994,0.999999999998589
275.799999999994,0.999999999998589
275.899999999994,0.999999999998589
275.999999999994,0.999999999998589
276.099999999994,0.999999999998589
276.199999999994,0.999999999998589
276.299999999994,0.999999999998589
276.399999999994,0.999999999998589
276.499999999994,0.999999999998589
276.599999999994,0.999999999998589
276.699999999994,0.999999999998589
276.799999999994,0.999999999998589
276.899999999994,0.999999999998589
276.999999999994,0.999999999998589
277.099999999995,0.999999999998589
277.199999999995,0.999999999998589
277.299999999995,0.999999999998589
277.399999999995,0.999999999998589
277.499999999995,0.999999999998589
277.599999999995,0.999999999998589
277.699999999995,0.999999999998589
277.799999999995,0.999999999998589
277.899999999995,0.999999999998589
277.999999999995,0.999999999998589
278.099999999995,0.999999999998589
278.199999999995,0.999999999998589
278.299999999995,0.999999999998589
278.399999999995,0.999999999998589
278.499999999995,0.999999999998589
278.599999999995,0.999999999998589
278.699999999995,0.999999999998589
278.799999999995,0.999999999998589
278.899999999995,0.999999999998589
278.999999999995,0.999999999998589
279.099999999995,0.999999999998589
279.199999999995,0.999999999998589
279.299999999995,0.999999999998589
279.399999999995,0.999999999998589
279.499999999995,0.999999999998589
279.599999999995,0.999999999998589
279.699999999995,0.999999999998589
279.799999999995,0.999999999998589
279.899999999995,0.999999999998589
279.999999999995,0.999999999998589
280.099999999995,0.999999999998589
280.199999999995,0.999999999998589
280.299999999995,0.999999999998589
280.399999999995,0.999999999998589
280.499999999995,0.999999999998589
280.599999999995,0.999999999998589
280.699999999995,0.999999999998589
280.799999999995,0.999999999998589
280.899999999995,0.999999999998589
280.999999999995,0.999999999998589
281.099999999995,0.999999999998589
281.199999999995,0.999999999998589
281.299999999995,0.999999999998589
281.399999999995,0.999999999998589
281.499999999996,0.999999999998589
281.599999999996,0.999999999998589
281.699999999996,0.999999999998589
281.799999999996,0.999999999998589
281.899999999996,0.999999999998589
281.999999999996,0.999999999998589
282.099999999996,0.999999999998589
282.199999999996,0.999999999998589
282.299999999996,0.999999999998589
282.399999999996,0.999999999998589
282.499999999996,0.999999999998589
282.599999999996,0.999999999998589
282.699999999996,0.999999999998589
282.799999999996,0.999999999998589
282.899999999996,0.999999999998589
282.999999999996,0.999999999998589
283.099999999996,0.999999999998589
283.199999999996,0.999999999998589
283.299999999996,0.999999999998589
283.399999999996,0.999999999998589
283.499999999996,0.999999999998589
283.599999999996,0.999999999998589
283.699999999996,0.999999999998589
283.799999999996,0.999999999998589
283.899999999996,0.999999999998589
283.999999999996,0.999999999998589
284.099999999996,0.999999999998589
284.199999999996,0.999999999998589
284.299999999996,0.999999999998589
284.399999999996,0.999999999998589
284.499999999996,0.999999999998589
284.599999999996,0.999999999998589
284.699999999996,0.999999999998589
284.799999999996,0.999999999998589
284.899999999996,0.999999999998589
284.999999999996,0.999999999998589
285.099999999996,0.999999999998589
285.199999999996,0.999999999998589
285.299999999996,0.999999999998589
285.399999999996,0.999999999998589
285.499999999996,0.999999999998589
285.599999999996,0.999999999998589
285.699999999996,0.999999999998589
285.799999999996,0.999999999998589
285.899999999997,0.999999999998589
285.999999999997,0.999999999998589
286.099999999997,0.999999999998589
286.199999999997,0.999999999998589
286.299999999997,0.999999999998589
286.399999999997,0.999999999998589
286.499999999997,0.999999999998589
286.599999999997,0.999999999998589
286.699999999997,0.999999999998589
286.799999999997,0.999999999998589
286.899999999997,0.999999999998589
286.999999999997,0.999999999998589
287.099999999997,0.999999999998589
287.199999999997,0.999999999998589
287.299999999997,0.999999999998589
287.399999999997,0.999999999998589
287.499999999997,0.999999999998589
287.599999999997,0.999999999998589
287.699999999997,0.999999999998589
287.799999999997,0.999999999998589
287.899999999997,0.999999999998589
287.999999999997,0.999999999998589
288.099999999997,0.999999999998589
288.199999999997,0.999999999998589
288.299999999997,0.999999999998589
288.399999999997,0.999999999998589
288.499999999997,0.999999999998589
288.599999999997,0.999999999998589
288.699999999997,0.999999999998589
288.799999999997,0.999999999998589
288.899999999997,0.999999999998589
288.999999999997,0.999999999998589
289.099999999997,0.999999999998589
289.199999999997,0.999999999998589
289.299999999997,0.999999999998589
289.399999999997,0.999999999998589
289.499999999997,0.999999999998589
289.599999999997,0.999999999998589
289.699999999997,0.999999999998589
289.799999999997,0.999999999998589
289.899999999997,0.999999999998589
289.999999999997,0.999999999998589
290.099999999997,0.999999999998589
290.199999999997,0.999999999998589
290.299999999998,0.999999999998589
290.399999999998,0.999999999998589
290.499999999998,0.999999999998589
290.599999999998,0.999999999998589
290.699999999998,0.999999999998589
290.799999999998,0.999999999998589
290.899999999998,0.999999999998589
290.999999999998,0.999999999998589
291.099999999998,0.999999999998589
291.199999999998,0.999999999998589
291.299999999998,0.999999999998589
291.399999999998,0.999999999998589
291.499999999998,0.999999999998589
291.599999999998,0.999999999998589
291.699999999998,0.999999999998589
291.799999999998,0.999999999998589
291.899999999998,0.999999999998589
291.999999999998,0.999999999998589
292.099999999998,0.999999999998589
292.199999999998,0.999999999998589
292.299999999998,0.999999999998589
292.399999999998,0.999999999998589
292.499999999998,0.999999999998589
292.599999999998,0.999999999998589
292.699999999998,0.999999999998589
292.799999999998,0.999999999998589
292.899999999998,0.999999999998589
292.999999999998,0.999999999998589
293.099999999998,0.999999999998589
293.199999999998,0.999999999998589
293.299999999998,0.999999999998589
293.399999999998,0.999999999998589
293.499999999998,0.999999999998589
293.599999999998,0.999999999998589
293.699999999998,0.999999999998589
293.799999999998,0.999999999998589
293.899999999998,0.999999999998589
293.999999999998,0.999999999998589
294.099999999998,0.999999999998589
294.199999999998,0.999999999998589
294.299999999998,0.999999999998589
294.399999999998,0.999999999998589
294.499999999998,0.999999999998589
294.599999999998,0.999999999998589
294.699999999999,0.999999999998589
294.799999999999,0.999999999998589
294.899999999999,0.999999999998589
294.999999999999,0.999999999998589
295.099999999999,0.999999999998589
295.199999999999,0.999999999998589
295.299999999999,0.999999999998589
295.399999999999,0.999999999998589
295.499999999999,0.999999999998589
295.599999999999,0.999999999998589
295.699999999999,0.999999999998589
295.799999999999,0.999999999998589
295.899999999999,0.999999999998589
295.999999999999,0.999999999998589
296.099999999999,0.999999999998589
296.199999999999,0.999999999998589
296.299999999999,0.999999999998589
296.399999999999,0.999999999998589
296.499999999999,0.999999999998589
296.599999999999,0.999999999998589
296.699999999999,0.999999999998589
296.799999999999,0.999999999998589
296.899999999999,0.999999999998589
296.999999999999,0.999999999998589
297.099999999999,0.999999999998589
297.199999999999,0.999999999998589
297.299999999999,0.999999999998589
297.399999999999,0.999999999998589
297.499999999999,0.999999999998589
297.599999999999,0.999999999998589
297.699999999999,0.999999999998589
297.799999999999,0.999999999998589
297.899999999999,0.999999999998589
297.999999999999,0.999999999998589
298.099999999999,0.999999999998589
298.199999999999,0.999999999998589
298.299999999999,0.999999999998589
298.399999999999,0.999999999998589
298.499999999999,0.999999999998589
298.599999999999,0.999999999998589
298.699999999999,0.999999999998589
298.799999999999,0.999999999998589
298.899999999999,0.999999999998589
298.999999999999,0.999999999998589
299.1,0.999999999998589
299.2,0.999999999998589
299.3,0.999999999998589
299.4,0.999999999998589
299.5,0.999999999998589
299.6,0.999999999998589
299.7,0.999999999998589
299.8,0.999999999998589
299.9,0.999999999998589
300,0.999999999998589
300.1,0.999999999998589
300.2,0.999999999998589
300.3,0.999999999998589
300.4,0.999999999998589
300.5,0.999999999998589
300.6,0.999999999998589
300.7,0.999999999998589
300.8,0.999999999998589
300.9,0.999999999998589
301,0.999999999998589
301.1,0.999999999998589
301.2,0.999999999998589
301.3,0.999999999998589
301.4,0.999999999998589
301.5,0.999999999998589
301.6,0.999999999998589
301.7,0.999999999998589
301.8,0.999999999998589
301.9,0.999999999998589
302,0.999999999998589
302.1,0.999999999998589
302.2,0.999999999998589
302.3,0.999999999998589
302.4,0.999999999998589
302.5,0.999999999998589
302.6,0.999999999998589
302.7,0.999999999998589
302.8,0.999999999998589
302.9,0.999999999998589
303,0.999999999998589
303.1,0.999999999998589
303.2,0.999999999998589
303.3,0.999999999998589
303.4,0.999999999998589
303.500000000001,0.999999999998589
303.600000000001,0.999999999998589
303.700000000001,0.999999999998589
303.800000000001,0.999999999998589
303.900000000001,0.999999999998589
304.000000000001,0.999999999998589
304.100000000001,0.999999999998589
304.200000000001,0.999999999998589
304.300000000001,0.999999999998589
304.400000000001,0.999999999998589
304.500000000001,0.999999999998589
304.600000000001,0.999999999998589
304.700000000001,0.999999999998589
304.800000000001,0.999999999998589
304.900000000001,0.999999999998589
305.000000000001,0.999999999998589
305.100000000001,0.999999999998589
305.200000000001,0.999999999998589
305.300000000001,0.999999999998589
305.400000000001,0.999999999998589
305.500000000001,0.999999999998589
305.600000000001,0.999999999998589
305.700000000001,0.999999999998589
305.800000000001,0.999999999998589
305.900000000001,0.999999999998589
306.000000000001,0.999999999998589
306.100000000001,0.999999999998589
306.200000000001,0.999999999998589
306.300000000001,0.999999999998589
306.400000000001,0.999999999998589
306.500000000001,0.999999999998589
306.600000000001,0.999999999998589
306.700000000001,0.999999999998589
306.800000000001,0.999999999998589
306.900000000001,0.999999999998589
307.000000000001,0.999999999998589
307.100000000001,0.999999999998589
307.200000000001,0.999999999998589
307.300000000001,0.999999999998589
307.400000000001,0.999999999998589
307.500000000001,0.999999999998589
307.600000000001,0.999999999998589
307.700000000001,0.999999999998589
307.800000000001,0.999999999998589
307.900000000002,0.999999999998589
308.000000000002,0.999999999998589
308.100000000002,0.999999999998589
308.200000000002,0.999999999998589
308.300000000002,0.999999999998589
308.400000000002,0.999999999998589
308.500000000002,0.999999999998589
308.600000000002,0.999999999998589
308.700000000002,0.999999999998589
308.800000000002,0.999999999998589
308.900000000002,0.999999999998589
309.000000000002,0.999999999998589
309.100000000002,0.999999999998589
309.200000000002,0.999999999998589
309.300000000002,0.999999999998589
309.400000000002,0.999999999998589
309.500000000002,0.999999999998589
309.600000000002,0.999999999998589
309.700000000002,0.999999999998589
309.800000000002,0.999999999998589
309.900000000002,0.999999999998589
310.000000000002,0.999999999998589
310.100000000002,0.999999999998589
310.200000000002,0.999999999998589
310.300000000002,0.999999999998589
310.400000000002,0.999999999998589
310.500000000002,0.999999999998589
310.600000000002,0.999999999998589
310.700000000002,0.999999999998589
310.800000000002,0.999999999998589
310.900000000002,0.999999999998589
311.000000000002,0.999999999998589
311.100000000002,0.999999999998589
311.200000000002,0.999999999998589
311.300000000002,0.999999999998589
311.400000000002,0.999999999998589
311.500000000002,0.999999999998589
311.600000000002,0.999999999998589
311.700000000002,0.999999999998589
311.800000000002,0.999999999998589
311.900000000002,0.999999999998589
312.000000000002,0.999999999998589
312.100000000002,0.999999999998589
312.200000000002,0.999999999998589
312.300000000003,0.999999999998589
312.400000000003,0.999999999998589
312.500000000003,0.999999999998589
312.600000000003,0.999999999998589
312.700000000003,0.999999999998589
312.800000000003,0.999999999998589
312.900000000003,0.999999999998589
313.000000000003,0.999999999998589
313.100000000003,0.999999999998589
313.200000000003,0.999999999998589
313.300000000003,0.999999999998589
313.400000000003,0.999999999998589
313.500000000003,0.999999999998589
313.600000000003,0.999999999998589
313.700000000003,0.999999999998589
313.800000000003,0.999999999998589
313.900000000003,0.999999999998589
314.000000000003,0.999999999998589
314.100000000003,0.999999999998589
314.200000000003,0.999999999998589
314.300000000003,0.999999999998589
314.400000000003,0.999999999998589
314.500000000003,0.999999999998589
314.600000000003,0.999999999998589
314.700000000003,0.999999999998589
314.800000000003,0.999999999998589
314.900000000003,0.999999999998589
315.000000000003,0.999999999998589
315.100000000003,0.999999999998589
315.200000000003,0.999999999998589
315.300000000003,0.999999999998589
315.400000000003,0.999999999998589
315.500000000003,0.999999999998589
315.600000000003,0.999999999998589
315.700000000003,0.999999999998589
315.800000000003,0.999999999998589
315.900000000003,0.999999999998589
316.000000000003,0.999999999998589
316.100000000003,0.999999999998589
316.200000000003,0.999999999998589
316.300000000003,0.999999999998589
316.400000000003,0.999999999998589
316.500000000003,0.999999999998589
316.600000000003,0.999999999998589
316.700000000004,0.999999999998589
316.800000000004,0.999999999998589
316.900000000004,0.999999999998589
317.000000000004,0.999999999998589
317.100000000004,0.999999999998589
317.200000000004,0.999999999998589
317.300000000004,0.999999999998589
317.400000000004,0.999999999998589
317.500000000004,0.999999999998589
317.600000000004,0.999999999998589
317.700000000004,0.999999999998589
317.800000000004,0.999999999998589
317.900000000004,0.999999999998589
318.000000000004,0.999999999998589
318.100000000004,0.999999999998589
318.200000000004,0.999999999998589
318.300000000004,0.999999999998589
318.400000000004,0.999999999998589
318.500000000004,0.999999999998589
318.600000000004,0.999999999998589
318.700000000004,0.999999999998589
318.800000000004,0.999999999998589
318.900000000004,0.999999999998589
319.000000000004,0.999999999998589
319.100000000004,0.999999999998589
319.200000000004,0.999999999998589
319.300000000004,0.999999999998589
319.400000000004,0.999999999998589
319.500000000004,0.999999999998589
319.600000000004,0.999999999998589
319.700000000004,0.999999999998589
319.800000000004,0.999999999998589
319.900000000004,0.999999999998589
320.000000000004,0.999999999998589
320.100000000004,0.999999999998589
320.200000000004,0.999999999998589
320.300000000004,0.999999999998589
320.400000000004,0.999999999998589
320.500000000004,0.999999999998589
320.600000000004,0.999999999998589
320.700000000004,0.999999999998589
320.800000000004,0.999999999998589
320.900000000004,0.999999999998589
321.000000000004,0.999999999998589
321.100000000005,0.999999999998589
321.200000000005,0.999999999998589
321.300000000005,0.999999999998589
321.400000000005,0.999999999998589
321.500000000005,0.999999999998589
321.600000000005,0.999999999998589
321.700000000005,0.999999999998589
321.800000000005,0.999999999998589
321.900000000005,0.999999999998589
322.000000000005,0.999999999998589
322.100000000005,0.999999999998589
322.200000000005,0.999999999998589
322.300000000005,0.999999999998589
322.400000000005,0.999999999998589
322.500000000005,0.999999999998589
322.600000000005,0.999999999998589
322.700000000005,0.999999999998589
322.800000000005,0.999999999998589
322.900000000005,0.999999999998589
323.000000000005,0.999999999998589
323.100000000005,0.999999999998589
323.200000000005,0.999999999998589
323.300000000005,0.999999999998589
323.400000000005,0.999999999998589
323.500000000005,0.999999999998589
323.600000000005,0.999999999998589
323.700000000005,0.999999999998589
323.800000000005,0.999999999998589
323.900000000005,0.999999999998589
324.000000000005,0.999999999998589
324.100000000005,0.999999999998589
324.200000000005,0.999999999998589
324.300000000005,0.999999999998589
324.400000000005,0.999999999998589
324.500000000005,0.999999999998589
324.600000000005,0.999999999998589
324.700000000005,0.999999999998589
324.800000000005,0.999999999998589
324.900000000005,0.999999999998589
325.000000000005,0.999999999998589
325.100000000005,0.999999999998589
325.200000000005,0.999999999998589
325.300000000005,0.999999999998589
325.400000000005,0.999999999998589
325.500000000006,0.999999999998589
325.600000000006,0.999999999998589
325.700000000006,0.999999999998589
325.800000000006,0.999999999998589
325.900000000006,0.999999999998589
326.000000000006,0.999999999998589
326.100000000006,0.999999999998589
326.200000000006,0.999999999998589
326.300000000006,0.999999999998589
326.400000000006,0.999999999998589
326.500000000006,0.999999999998589
326.600000000006,0.999999999998589
326.700000000006,0.999999999998589
326.800000000006,0.999999999998589
326.900000000006,0.999999999998589
327.000000000006,0.999999999998589
327.100000000006,0.999999999998589
327.200000000006,0.999999999998589
327.300000000006,0.999999999998589
327.400000000006,0.999999999998589
327.500000000006,0.999999999998589
327.600000000006,0.999999999998589
327.700000000006,0.999999999998589
327.800000000006,0.999999999998589
327.900000000006,0.999999999998589
328.000000000006,0.999999999998589
328.100000000006,0.999999999998589
328.200000000006,0.999999999998589
328.300000000006,0.999999999998589
328.400000000006,0.999999999998589
328.500000000006,0.999999999998589
328.600000000006,0.999999999998589
328.700000000006,0.999999999998589
328.800000000006,0.999999999998589
328.900000000006,0.999999999998589
329.000000000006,0.999999999998589
329.100000000006,0.999999999998589
329.200000000006,0.999999999998589
329.300000000006,0.999999999998589
329.400000000006,0.999999999998589
329.500000000006,0.999999999998589
329.600000000006,0.999999999998589
329.700000000006,0.999999999998589
329.800000000006,0.999999999998589
329.900000000007,0.999999999998589
330.000000000007,0.999999999998589
330.100000000007,0.999999999998589
330.200000000007,0.999999999998589
330.300000000007,0.999999999998589
330.400000000007,0.999999999998589
330.500000000007,0.999999999998589
330.600000000007,0.999999999998589
330.700000000007,0.999999999998589
330.800000000007,0.999999999998589
330.900000000007,0.999999999998589
331.000000000007,0.999999999998589
331.100000000007,0.999999999998589
331.200000000007,0.999999999998589
331.300000000007,0.999999999998589
331.400000000007,0.999999999998589
331.500000000007,0.999999999998589
331.600000000007,0.999999999998589
331.700000000007,0.999999999998589
331.800000000007,0.999999999998589
331.900000000007,0.999999999998589
332.000000000007,0.999999999998589
332.100000000007,0.999999999998589
332.200000000007,0.999999999998589
332.300000000007,0.999999999998589
332.400000000007,0.999999999998589
332.500000000007,0.999999999998589
332.600000000007,0.999999999998589
332.700000000007,0.999999999998589
332.800000000007,0.999999999998589
332.900000000007,0.999999999998589
333.000000000007,0.999999999998589
333.100000000007,0.999999999998589
333.200000000007,0.999999999998589
333.300000000007,0.999999999998589
333.400000000007,0.999999999998589
333.500000000007,0.999999999998589
333.600000000007,0.999999999998589
333.700000000007,0.999999999998589
333.800000000007,0.999999999998589
333.900000000007,0.999999999998589
334.000000000007,0.999999999998589
334.100000000007,0.999999999998589
334.200000000007,0.999999999998589
334.300000000008,0.999999999998589
334.400000000008,0.999999999998589
334.500000000008,0.999999999998589
334.600000000008,0.999999999998589
334.700000000008,0.999999999998589
334.800000000008,0.999999999998589
334.900000000008,0.999999999998589
335.000000000008,0.999999999998589
335.100000000008,0.999999999998589
335.200000000008,0.999999999998589
335.300000000008,0.999999999998589
335.400000000008,0.999999999998589
335.500000000008,0.999999999998589
335.600000000008,0.999999999998589
335.700000000008,0.999999999998589
335.800000000008,0.999999999998589
335.900000000008,0.999999999998589
336.000000000008,0.999999999998589
336.100000000008,0.999999999998589
336.200000000008,0.999999999998589
336.300000000008,0.999999999998589
336.400000000008,0.999999999998589
336.500000000008,0.999999999998589
336.600000000008,0.999999999998589
336.700000000008,0.999999999998589
336.800000000008,0.999999999998589
336.900000000008,0.999999999998589
337.000000000008,0.999999999998589
337.100000000008,0.999999999998589
337.200000000008,0.999999999998589
337.300000000008,0.999999999998589
337.400000000008,0.999999999998589
337.500000000008,0.999999999998589
337.600000000008,0.999999999998589
337.700000000008,0.999999999998589
337.800000000008,0.999999999998589
337.900000000008,0.999999999998589
338.000000000008,0.999999999998589
338.100000000008,0.999999999998589
338.200000000008,0.999999999998589
338.300000000008,0.999999999998589
338.400000000008,0.999999999998589
338.500000000008,0.999999999998589
338.600000000008,0.999999999998589
338.700000000009,0.999999999998589
338.800000000009,0.999999999998589
338.900000000009,0.999999999998589
339.000000000009,0.999999999998589
339.100000000009,0.999999999998589
339.200000000009,0.999999999998589
339.300000000009,0.999999999998589
339.400000000009,0.999999999998589
339.500000000009,0.999999999998589
339.600000000009,0.999999999998589
339.700000000009,0.999999999998589
339.800000000009,0.999999999998589
339.900000000009,0.999999999998589
340.000000000009,0.999999999998589
340.100000000009,0.999999999998589
340.200000000009,0.999999999998589
340.300000000009,0.999999999998589
340.400000000009,0.999999999998589
340.500000000009,0.999999999998589
340.600000000009,0.999999999998589
340.700000000009,0.999999999998589
340.800000000009,0.999999999998589
340.900000000009,0.999999999998589
341.000000000009,0.999999999998589
341.100000000009,0.999999999998589
341.200000000009,0.999999999998589
341.300000000009,0.999999999998589
341.400000000009,0.999999999998589
341.500000000009,0.999999999998589
341.600000000009,0.999999999998589
341.700000000009,0.999999999998589
341.800000000009,0.999999999998589
341.900000000009,0.999999999998589
342.000000000009,0.999999999998589
342.100000000009,0.999999999998589
342.200000000009,0.999999999998589
342.300000000009,0.999999999998589
342.400000000009,0.999999999998589
342.500000000009,0.999999999998589
342.600000000009,0.999999999998589
342.700000000009,0.999999999998589
342.800000000009,0.999999999998589
342.900000000009,0.999999999998589
343.000000000009,0.999999999998589
343.10000000001,0.999999999998589
343.20000000001,0.999999999998589
343.30000000001,0.999999999998589
343.40000000001,0.999999999998589
343.50000000001,0.999999999998589
343.60000000001,0.999999999998589
343.70000000001,0.999999999998589
343.80000000001,0.999999999998589
343.90000000001,0.999999999998589
344.00000000001,0.999999999998589
344.10000000001,0.999999999998589
344.20000000001,0.999999999998589
344.30000000001,0.999999999998589
344.40000000001,0.999999999998589
344.50000000001,0.999999999998589
344.60000000001,0.999999999998589
344.70000000001,0.999999999998589
344.80000000001,0.999999999998589
344.90000000001,0.999999999998589
345.00000000001,0.999999999998589
345.10000000001,0.999999999998589
345.20000000001,0.999999999998589
345.30000000001,0.999999999998589
345.40000000001,0.999999999998589
345.50000000001,0.999999999998589
345.60000000001,0.999999999998589
345.70000000001,0.999999999998589
345.80000000001,0.999999999998589
345.90000000001,0.999999999998589
346.00000000001,0.999999999998589
346.10000000001,0.999999999998589
346.20000000001,0.999999999998589
346.30000000001,0.999999999998589
346.40000000001,0.999999999998589
346.50000000001,0.999999999998589
346.60000000001,0.999999999998589
346.70000000001,0.999999999998589
346.80000000001,0.999999999998589
346.90000000001,0.999999999998589
347.00000000001,0.999999999998589
347.10000000001,0.999999999998589
347.20000000001,0.999999999998589
347.30000000001,0.999999999998589
347.40000000001,0.999999999998589
347.500000000011,0.999999999998589
347.600000000011,0.999999999998589
347.700000000011,0.999999999998589
347.800000000011,0.999999999998589
347.900000000011,0.999999999998589
348.000000000011,0.999999999998589
348.100000000011,0.999999999998589
348.200000000011,0.999999999998589
348.300000000011,0.999999999998589
348.400000000011,0.999999999998589
348.500000000011,0.999999999998589
348.600000000011,0.999999999998589
348.700000000011,0.999999999998589
348.800000000011,0.999999999998589
348.900000000011,0.999999999998589
349.000000000011,0.999999999998589
349.100000000011,0.999999999998589
349.200000000011,0.999999999998589
349.300000000011,0.999999999998589
349.400000000011,0.999999999998589
349.500000000011,0.999999999998589
349.600000000011,0.999999999998589
349.700000000011,0.999999999998589
349.800000000011,0.999999999998589
349.900000000011,0.999999999998589
350.000000000011,0.999999999998589
350.100000000011,0.999999999998589
350.200000000011,0.999999999998589
350.300000000011,0.999999999998589
350.400000000011,0.999999999998589
350.500000000011,0.999999999998589
350.600000000011,0.999999999998589
350.700000000011,0.999999999998589
350.800000000011,0.999999999998589
350.900000000011,0.999999999998589
351.000000000011,0.999999999998589
351.100000000011,0.999999999998589
351.200000000011,0.999999999998589
351.300000000011,0.999999999998589
351.400000000011,0.999999999998589
351.500000000011,0.999999999998589
351.600000000011,0.999999999998589
351.700000000011,0.999999999998589
351.800000000011,0.999999999998589
351.900000000012,0.999999999998589
352.000000000012,0.999999999998589
352.100000000012,0.999999999998589
352.200000000012,0.999999999998589
352.300000000012,0.999999999998589
352.400000000012,0.999999999998589
352.500000000012,0.999999999998589
352.600000000012,0.999999999998589
352.700000000012,0.999999999998589
352.800000000012,0.999999999998589
352.900000000012,0.999999999998589
353.000000000012,0.999999999998589
353.100000000012,0.999999999998589
353.200000000012,0.999999999998589
353.300000000012,0.999999999998589
353.400000000012,0.999999999998589
353.500000000012,0.999999999998589
353.600000000012,0.999999999998589
353.700000000012,0.999999999998589
353.800000000012,0.999999999998589
353.900000000012,0.999999999998589
354.000000000012,0.999999999998589
354.100000000012,0.999999999998589
354.200000000012,0.999999999998589
354.300000000012,0.999999999998589
354.400000000012,0.999999999998589
354.500000000012,0.999999999998589
354.600000000012,0.999999999998589
354.700000000012,0.999999999998589
354.800000000012,0.999999999998589
354.900000000012,0.999999999998589
355.000000000012,0.999999999998589
355.100000000012,0.999999999998589
355.200000000012,0.999999999998589
355.300000000012,0.999999999998589
355.400000000012,0.999999999998589
355.500000000012,0.999999999998589
355.600000000012,0.999999999998589
355.700000000012,0.999999999998589
355.800000000012,0.999999999998589
355.900000000012,0.999999999998589
356.000000000012,0.999999999998589
356.100000000012,0.999999999998589
356.200000000012,0.999999999998589
356.300000000013,0.999999999998589
356.400000000013,0.999999999998589
356.500000000013,0.999999999998589
356.600000000013,0.999999999998589
356.700000000013,0.999999999998589
356.800000000013,0.999999999998589
356.900000000013,0.999999999998589
357.000000000013,0.999999999998589
357.100000000013,0.999999999998589
357.200000000013,0.999999999998589
357.300000000013,0.999999999998589
357.400000000013,0.999999999998589
357.500000000013,0.999999999998589
357.600000000013,0.999999999998589
357.700000000013,0.999999999998589
357.800000000013,0.999999999998589
357.900000000013,0.999999999998589
358.000000000013,0.999999999998589
358.100000000013,0.999999999998589
358.200000000013,0.999999999998589
358.300000000013,0.999999999998589
358.400000000013,0.999999999998589
358.500000000013,0.999999999998589
358.600000000013,0.999999999998589
358.700000000013,0.999999999998589
358.800000000013,0.999999999998589
358.900000000013,0.999999999998589
359.000000000013,0.999999999998589
359.100000000013,0.999999999998589
359.200000000013,0.999999999998589
359.300000000013,0.999999999998589
359.400000000013,0.999999999998589
359.500000000013,0.999999999998589
359.600000000013,0.999999999998589
359.700000000013,0.999999999998589
359.800000000013,0.999999999998589
359.900000000013,0.999999999998589
360.000000000013,0.999999999998589
360.100000000013,0.999999999998589
360.200000000013,0.999999999998589
360.300000000013,0.999999999998589
360.400000000013,0.999999999998589
360.500000000013,0.999999999998589
360.600000000013,0.999999999998589
360.700000000014,0.999999999998589
360.800000000014,0.999999999998589
360.900000000014,0.999999999998589
361.000000000014,0.999999999998589
361.100000000014,0.999999999998589
361.200000000014,0.999999999998589
361.300000000014,0.999999999998589
361.400000000014,0.999999999998589
361.500000000014,0.999999999998589
361.600000000014,0.999999999998589
361.700000000014,0.999999999998589
361.800000000014,0.999999999998589
361.900000000014,0.999999999998589
362.000000000014,0.999999999998589
362.100000000014,0.999999999998589
362.200000000014,0.999999999998589
362.300000000014,0.999999999998589
362.400000000014,0.999999999998589
362.500000000014,0.999999999998589
362.600000000014,0.999999999998589
362.700000000014,0.999999999998589
362.800000000014,0.999999999998589
362.900000000014,0.999999999998589
363.000000000014,0.999999999998589
363.100000000014,0.999999999998589
363.200000000014,0.999999999998589
363.300000000014,0.999999999998589
363.400000000014,0.999999999998589
363.500000000014,0.999999999998589
363.600000000014,0.999999999998589
363.700000000014,0.999999999998589
363.800000000014,0.999999999998589
363.900000000014,0.999999999998589
364.000000000014,0.999999999998589
364.100000000014,0.999999999998589
364.200000000014,0.999999999998589
364.300000000014,0.999999999998589
364.400000000014,0.999999999998589
364.500000000014,0.999999999998589
364.600000000014,0.999999999998589
364.700000000014,0.999999999998589
364.800000000014,0.999999999998589
364.900000000014,0.999999999998589
365.000000000014,0.999999999998589
365.100000000015,0.999999999998589
365.200000000015,0.999999999998589
365.300000000015,0.999999999998589
365.400000000015,0.999999999998589
365.500000000015,0.999999999998589
365.600000000015,0.999999999998589
365.700000000015,0.999999999998589
365.800000000015,0.999999999998589
365.900000000015,0.999999999998589
366.000000000015,0.999999999998589
366.100000000015,0.999999999998589
366.200000000015,0.999999999998589
366.300000000015,0.999999999998589
366.400000000015,0.999999999998589
366.500000000015,0.999999999998589
366.600000000015,0.999999999998589
366.700000000015,0.999999999998589
366.800000000015,0.999999999998589
366.900000000015,0.999999999998589
367.000000000015,0.999999999998589
367.100000000015,0.999999999998589
367.200000000015,0.999999999998589
367.300000000015,0.999999999998589
367.400000000015,0.999999999998589
367.500000000015,0.999999999998589
367.600000000015,0.999999999998589
367.700000000015,0.999999999998589
367.800000000015,0.999999999998589
367.900000000015,0.999999999998589
368.000000000015,0.999999999998589
368.100000000015,0.999999999998589
368.200000000015,0.999999999998589
368.300000000015,0.999999999998589
368.400000000015,0.999999999998589
368.500000000015,0.999999999998589
368.600000000015,0.999999999998589
368.700000000015,0.999999999998589
368.800000000015,0.999999999998589
368.900000000015,0.999999999998589
369.000000000015,0.999999999998589
369.100000000015,0.999999999998589
369.200000000015,0.999999999998589
369.300000000015,0.999999999998589
369.400000000015,0.999999999998589
369.500000000016,0.999999999998589
369.600000000016,0.999999999998589
369.700000000016,0.999999999998589
369.800000000016,0.999999999998589
369.900000000016,0.999999999998589
370.000000000016,0.999999999998589
370.100000000016,0.999999999998589
370.200000000016,0.999999999998589
370.300000000016,0.999999999998589
370.400000000016,0.999999999998589
370.500000000016,0.999999999998589
370.600000000016,0.999999999998589
370.700000000016,0.999999999998589
370.800000000016,0.999999999998589
370.900000000016,0.999999999998589
371.000000000016,0.999999999998589
371.100000000016,0.999999999998589
371.200000000016,0.999999999998589
371.300000000016,0.999999999998589
371.400000000016,0.999999999998589
371.500000000016,0.999999999998589
371.600000000016,0.999999999998589
371.700000000016,0.999999999998589
371.800000000016,0.999999999998589
371.900000000016,0.999999999998589
372.000000000016,0.999999999998589
372.100000000016,0.999999999998589
372.200000000016,0.999999999998589
372.300000000016,0.999999999998589
372.400000000016,0.999999999998589
372.500000000016,0.999999999998589
372.600000000016,0.999999999998589
372.700000000016,0.999999999998589
372.800000000016,0.999999999998589
372.900000000016,0.999999999998589
373.000000000016,0.999999999998589
373.100000000016,0.999999999998589
373.200000000016,0.999999999998589
373.300000000016,0.999999999998589
373.400000000016,0.999999999998589
373.500000000016,0.999999999998589
373.600000000016,0.999999999998589
373.700000000016,0.999999999998589
373.800000000016,0.999999999998589
373.900000000017,0.999999999998589
374.000000000017,0.999999999998589
374.100000000017,0.999999999998589
374.200000000017,0.999999999998589
374.300000000017,0.999999999998589
374.400000000017,0.999999999998589
374.500000000017,0.999999999998589
374.600000000017,0.999999999998589
374.700000000017,0.999999999998589
374.800000000017,0.999999999998589
374.900000000017,0.999999999998589
375.000000000017,0.999999999998589
375.100000000017,0.999999999998589
375.200000000017,0.999999999998589
375.300000000017,0.999999999998589
375.400000000017,0.999999999998589
375.500000000017,0.999999999998589
375.600000000017,0.999999999998589
375.700000000017,0.999999999998589
375.800000000017,0.999999999998589
375.900000000017,0.999999999998589
376.000000000017,0.999999999998589
376.100000000017,0.999999999998589
376.200000000017,0.999999999998589
376.300000000017,0.999999999998589
376.400000000017,0.999999999998589
376.500000000017,0.999999999998589
376.600000000017,0.999999999998589
376.700000000017,0.999999999998589
376.800000000017,0.999999999998589
376.900000000017,0.999999999998589
377.000000000017,0.999999999998589
377.100000000017,0.999999999998589
377.200000000017,0.999999999998589
377.300000000017,0.999999999998589
377.400000000017,0.999999999998589
377.500000000017,0.999999999998589
377.600000000017,0.999999999998589
377.700000000017,0.999999999998589
377.800000000017,0.999999999998589
377.900000000017,0.999999999998589
378.000000000017,0.999999999998589
378.100000000017,0.999999999998589
378.200000000017,0.999999999998589
378.300000000018,0.999999999998589
378.400000000018,0.999999999998589
378.500000000018,0.999999999998589
378.600000000018,0.999999999998589
378.700000000018,0.999999999998589
378.800000000018,0.999999999998589
378.900000000018,0.999999999998589
379.000000000018,0.999999999998589
379.100000000018,0.999999999998589
379.200000000018,0.999999999998589
379.300000000018,0.999999999998589
379.400000000018,0.999999999998589
379.500000000018,0.999999999998589
379.600000000018,0.999999999998589
379.700000000018,0.999999999998589
379.800000000018,0.999999999998589
379.900000000018,0.999999999998589
380.000000000018,0.999999999998589
380.100000000018,0.999999999998589
380.200000000018,0.999999999998589
380.300000000018,0.999999999998589
380.400000000018,0.999999999998589
380.500000000018,0.999999999998589
380.600000000018,0.999999999998589
380.700000000018,0.999999999998589
380.800000000018,0.999999999998589
380.900000000018,0.999999999998589
381.000000000018,0.999999999998589
381.100000000018,0.999999999998589
381.200000000018,0.999999999998589
381.300000000018,0.999999999998589
381.400000000018,0.999999999998589
381.500000000018,0.999999999998589
381.600000000018,0.999999999998589
381.700000000018,0.999999999998589
381.800000000018,0.999999999998589
381.900000000018,0.999999999998589
382.000000000018,0.999999999998589
382.100000000018,0.999999999998589
382.200000000018,0.999999999998589
382.300000000018,0.999999999998589
382.400000000018,0.999999999998589
382.500000000018,0.999999999998589
382.600000000018,0.999999999998589
382.700000000019,0.999999999998589
382.800000000019,0.999999999998589
382.900000000019,0.999999999998589
383.000000000019,0.999999999998589
383.100000000019,0.999999999998589
383.200000000019,0.999999999998589
383.300000000019,0.999999999998589
383.400000000019,0.999999999998589
383.500000000019,0.999999999998589
383.600000000019,0.999999999998589
383.700000000019,0.999999999998589
383.800000000019,0.999999999998589
383.900000000019,0.999999999998589
384.000000000019,0.999999999998589
384.100000000019,0.999999999998589
384.200000000019,0.999999999998589
384.300000000019,0.999999999998589
384.400000000019,0.999999999998589
384.500000000019,0.999999999998589
384.600000000019,0.999999999998589
384.700000000019,0.999999999998589
384.800000000019,0.999999999998589
384.900000000019,0.999999999998589
385.000000000019,0.999999999998589
385.100000000019,0.999999999998589
385.200000000019,0.999999999998589
385.300000000019,0.999999999998589
385.400000000019,0.999999999998589
385.500000000019,0.999999999998589
385.600000000019,0.999999999998589
385.700000000019,0.999999999998589
385.800000000019,0.999999999998589
385.900000000019,0.999999999998589
386.000000000019,0.999999999998589
386.100000000019,0.999999999998589
386.200000000019,0.999999999998589
386.300000000019,0.999999999998589
386.400000000019,0.999999999998589
386.500000000019,0.999999999998589
386.600000000019,0.999999999998589
386.700000000019,0.999999999998589
386.800000000019,0.999999999998589
386.900000000019,0.999999999998589
387.000000000019,0.999999999998589
387.10000000002,0.999999999998589
387.20000000002,0.999999999998589
387.30000000002,0.999999999998589
387.40000000002,0.999999999998589
387.50000000002,0.999999999998589
387.60000000002,0.999999999998589
387.70000000002,0.999999999998589
387.80000000002,0.999999999998589
387.90000000002,0.999999999998589
388.00000000002,0.999999999998589
388.10000000002,0.999999999998589
388.20000000002,0.999999999998589
388.30000000002,0.999999999998589
388.40000000002,0.999999999998589
388.50000000002,0.999999999998589
388.60000000002,0.999999999998589
388.70000000002,0.999999999998589
388.80000000002,0.999999999998589
388.90000000002,0.999999999998589
389.00000000002,0.999999999998589
389.10000000002,0.999999999998589
389.20000000002,0.999999999998589
389.30000000002,0.999999999998589
389.40000000002,0.999999999998589
389.50000000002,0.999999999998589
389.60000000002,0.999999999998589
389.70000000002,0.999999999998589
389.80000000002,0.999999999998589
389.90000000002,0.999999999998589
390.00000000002,0.999999999998589
390.10000000002,0.999999999998589
390.20000000002,0.999999999998589
390.30000000002,0.999999999998589
390.40000000002,0.999999999998589
390.50000000002,0.999999999998589
390.60000000002,0.999999999998589
390.70000000002,0.999999999998589
390.80000000002,0.999999999998589
390.90000000002,0.999999999998589
391.00000000002,0.999999999998589
391.10000000002,0.999999999998589
391.20000000002,0.999999999998589
391.30000000002,0.999999999998589
391.40000000002,0.999999999998589
391.500000000021,0.999999999998589
391.600000000021,0.999999999998589
391.700000000021,0.999999999998589
391.800000000021,0.999999999998589
391.900000000021,0.999999999998589
392.000000000021,0.999999999998589
392.100000000021,0.999999999998589
392.200000000021,0.999999999998589
392.300000000021,0.999999999998589
392.400000000021,0.999999999998589
392.500000000021,0.999999999998589
392.600000000021,0.999999999998589
392.700000000021,0.999999999998589
392.800000000021,0.999999999998589
392.900000000021,0.999999999998589
393.000000000021,0.999999999998589
393.100000000021,0.999999999998589
393.200000000021,0.999999999998589
393.300000000021,0.999999999998589
393.400000000021,0.999999999998589
393.500000000021,0.999999999998589
393.600000000021,0.999999999998589
393.700000000021,0.999999999998589
393.800000000021,0.999999999998589
393.900000000021,0.999999999998589
394.000000000021,0.999999999998589
394.100000000021,0.999999999998589
394.200000000021,0.999999999998589
394.300000000021,0.999999999998589
394.400000000021,0.999999999998589
394.500000000021,0.999999999998589
394.600000000021,0.999999999998589
394.700000000021,0.999999999998589
394.800000000021,0.999999999998589
394.900000000021,0.999999999998589
395.000000000021,0.999999999998589
395.100000000021,0.999999999998589
395.200000000021,0.999999999998589
395.300000000021,0.999999999998589
395.400000000021,0.999999999998589
395.500000000021,0.999999999998589
395.600000000021,0.999999999998589
395.700000000021,0.999999999998589
395.800000000021,0.999999999998589
395.900000000022,0.999999999998589
396.000000000022,0.999999999998589
396.100000000022,0.999999999998589
396.200000000022,0.999999999998589
396.300000000022,0.999999999998589
396.400000000022,0.999999999998589
396.500000000022,0.999999999998589
396.600000000022,0.999999999998589
396.700000000022,0.999999999998589
396.800000000022,0.999999999998589
396.900000000022,0.999999999998589
397.000000000022,0.999999999998589
397.100000000022,0.999999999998589
397.200000000022,0.999999999998589
397.300000000022,0.999999999998589
397.400000000022,0.999999999998589
397.500000000022,0.999999999998589
397.600000000022,0.999999999998589
397.700000000022,0.999999999998589
397.800000000022,0.999999999998589
397.900000000022,0.999999999998589
398.000000000022,0.999999999998589
398.100000000022,0.999999999998589
398.200000000022,0.999999999998589
398.300000000022,0.999999999998589
398.400000000022,0.999999999998589
398.500000000022,0.999999999998589
398.600000000022,0.999999999998589
398.700000000022,0.999999999998589
398.800000000022,0.999999999998589
398.900000000022,0.999999999998589
399.000000000022,0.999999999998589
399.100000000022,0.999999999998589
399.200000000022,0.999999999998589
399.300000000022,0.999999999998589
399.400000000022,0.999999999998589
399.500000000022,0.999999999998589
399.600000000022,0.999999999998589
399.700000000022,0.999999999998589
399.800000000022,0.999999999998589
399.900000000022,0.999999999998589
400.000000000022,0.999999999998589
