0,0
0.1,1.94404530843465e-22
0.2,6.2555712611566e-18
0.3,2.40996060427093e-15
0.4,1.54611468444158e-13
0.5,3.76909150890145e-12
0.6,4.99687294260013e-11
0.7,4.34286975298498e-10
0.8,2.76337274576574e-09
0.9,1.3824763316748e-08
1,5.71121187811559e-08
1.1,2.01831091090981e-07
1.2,6.26436770660711e-07
1.3,1.74248427383183e-06
1.4,4.41309847317244e-06
1.5,1.03062292528248e-05
1.6,2.24233925844635e-05
1.7,4.5837636767644e-05
1.8,8.86589880924215e-05
1.9,0.000163222138015991
2,0.000287461762191708
2.1,0.00048640906270617
2.2,0.000793713119721887
2.3,0.00125306672222862
2.4,0.00191940220029999
2.5,0.00285972091348791
2.6,0.00415343146169661
2.7,0.00589209577384242
2.8,0.0081785169342129
2.9,0.0111251447333606
3,0.0148518205972313
3.1,0.019482928666132
3.2,0.0251440605230714
3.3,0.0319583341898138
3.4,0.0400425311824061
3.5,0.0495032273279302
3.6,0.0604330934055529
3.7,0.0729075311467682
3.8,0.0869817901504453
3.9,0.102688683842795
4,0.120036990080578
4.1,0.139010586807371
4.2,0.15956833768699
4.3,0.181644708963614
4.4,0.205151068676337
4.5,0.229977594093014
4.6,0.255995693670243
4.7,0.283060836391222
4.8,0.311015673973824
4.9,0.339693339827584
5,0.36892081215294
5.1,0.398522236413431
5.2,0.428322113655246
5.3,0.458148274841776
5.4,0.487834576576631
5.5,0.517223269437644
5.6,0.546167005869974
5.7,0.574530469547371
5.8,0.602191621802194
5.9,0.629042572780494
5.99999999999999,0.654990095163823
6.09999999999999,0.679955806499849
6.19999999999999,0.70387605238846
6.29999999999999,0.726701527053808
6.39999999999999,0.74839667033706
6.49999999999999,0.768938881058905
6.59999999999999,0.788317586245545
6.69999999999999,0.806533204122486
6.79999999999999,0.823596036295382
6.89999999999999,0.839525121386574
6.99999999999999,0.854347078794058
7.09999999999999,0.868094967378985
7.19999999999999,0.880807179935646
7.29999999999999,0.892526390394497
7.39999999999999,0.903298566967169
7.49999999999999,0.913172060949259
7.59999999999999,0.922196777714442
7.69999999999999,0.930423433602274
7.79999999999999,0.937902899943456
7.89999999999999,0.944685633385225
7.99999999999999,0.950821189968266
8.09999999999999,0.956357819046756
8.19999999999999,0.961342132109462
8.29999999999999,0.96581884082121
8.39999999999999,0.969830558126938
8.49999999999999,0.973417656009586
8.59999999999999,0.976618173433386
8.69999999999999,0.979467768101775
8.79999999999998,0.981999705882472
8.89999999999998,0.984244882072117
8.99999999999998,0.986231869063109
9.09999999999998,0.987986985413085
9.19999999999998,0.989534381783064
9.29999999999998,0.990896139687212
9.39999999999998,0.9920923794719
9.49999999999998,0.993141374403409
9.59999999999998,0.994059668184145
9.69999999999998,0.994862193630373
9.79999999999998,0.995562390626245
9.89999999999998,0.996172321816725
9.99999999999998,0.996702784814805
10.1,0.997163419976073
10.2,0.997562813037158
10.3,0.997908592125222
10.4,0.998207518825562
10.5,0.998465573145783
10.6,0.998688032340397
10.7,0.9988795436617
10.8,0.999044191183977
10.9,0.99918555691094
11,0.99930677642335
11.1,0.999410589357155
11.2,0.999499385024356
11.3,0.99957524350109
11.4,0.99963997251179
11.5,0.999695140436269
11.6,0.999742105759557
11.7,0.99978204327341
11.8,0.999815967324622
11.9,0.999844752389473
12,0.999869151236514
12.1,0.999889810922015
12.2,0.999907286844284
12.3,0.999922055065025
12.4,0.999934523088322
12.5,0.999945039270824
12.6,0.999953901020563
12.7,0.999961361926527
12.8,0.999967637946832
12.9,0.999972912770057
13,0.999977342452046
13.1,0.999981059419237
13.2,0.999984175919332
13.3,0.999986786990806
13.4,0.999988973014333
13.5,0.999990801901657
13.6,0.99999233097063
13.7,0.999993608549088
13.8,0.999994675344856
13.9,0.999995565614366
14,0.999996308158158
14.1,0.999996927167805
14.2,0.999997442945523
14.3,0.999997872514828
14.4,0.999998230138129
14.5,0.999998527754906
14.6,0.999998775352231
14.7,0.999998981277737
14.8,0.999999152503668
14.9,0.999999294849429
15,0.999999413168954
15.1,0.999999511508306
15.2,0.999999593238086
15.3,0.999999661164592
15.4,0.999999717623035
15.5,0.999999764555645
15.6,0.999999803577052
15.7,0.999999836028975
15.8,0.999999863025924
15.9,0.99999988549336
16,0.999999904199538
16.1,0.999999919782055
16.2,0.999999932769968
16.3,0.999999943602208
16.4,0.999999952642904
16.5,0.999999960194119
16.6,0.999999966506437
16.7,0.99999997178776
16.8,0.9999999762106
16.9,0.999999979918139
17,0.999999983029251
17.1,0.999999985642662
17.2,0.999999987840404
17.3,0.999999989690672
17.4,0.999999991250188
17.5,0.999999992566168
17.6,0.99999999367794
17.7,0.999999994618288
17.8,0.999999995414568
17.9,0.999999996089624
18,0.999999996662557
18.1,0.99999999714935
18.2,0.999999997563393
18.3,0.999999997915922
18.4,0.99999999821637
18.5,0.99999999847267
18.6,0.999999998691502
18.7,0.999999998878499
18.8,0.999999999038413
18.9,0.999999999175265
19,0.999999999292456
19.1,0.999999999392869
19.2,0.999999999478951
19.3,0.999999999552781
19.4,0.999999999616129
19.5,0.999999999670501
19.6,0.999999999717181
19.7,0.999999999757267
19.8,0.999999999791695
19.9,0.999999999821268
20,0.999999999846672
20.1,0.999999999868494
20.2,0.999999999887239
20.3,0.999999999903339
20.4,0.999999999917166
20.5,0.999999999929039
20.6,0.999999999939232
20.7,0.99999999994798
20.8,0.999999999955486
20.9,0.999999999961925
21,0.999999999967447
21.1,0.99999999997218
21.2,0.999999999976236
21.3,0.99999999997971
21.4,0.999999999982685
21.5,0.99999999998523
21.6,0.999999999987408
21.7,0.99999999998927
21.8,0.999999999990861
21.9,0.99999999999222
22,0.999999999993381
22.1,0.999999999994371
22.2,0.999999999995215
22.3,0.999999999995935
22.4,0.999999999996549
22.5,0.999999999997071
22.6000000000001,0.999999999997516
22.7000000000001,0.999999999997894
22.8000000000001,0.999999999998215
22.9000000000001,0.999999999998488
23.0000000000001,0.99999999999872
23.1000000000001,0.999999999998917
23.2000000000001,0.999999999999084
23.3000000000001,0.999999999999226
23.4000000000001,0.999999999999346
23.5000000000001,0.999999999999447
23.6000000000001,0.999999999999533
23.7000000000001,0.999999999999606
23.8000000000001,0.999999999999668
23.9000000000001,0.99999999999972
24.0000000000001,0.999999999999764
24.1000000000001,0.999999999999801
24.2000000000001,0.999999999999832
24.3000000000001,0.999999999999859
24.4000000000001,0.999999999999881
24.5000000000001,0.9999999999999
24.6000000000001,0.999999999999916
24.7000000000001,0.999999999999929
24.8000000000001,0.99999999999994
24.9000000000001,0.99999999999995
25.0000000000001,0.999999999999958
25.1000000000001,0.999999999999964
25.2000000000001,0.99999999999997
25.3000000000001,0.999999999999975
25.4000000000001,0.999999999999979
25.5000000000001,0.999999999999982
25.6000000000001,0.999999999999985
25.7000000000001,0.999999999999987
25.8000000000001,0.999999999999989
25.9000000000001,0.999999999999991
26.0000000000001,0.999999999999992
26.1000000000001,0.999999999999993
26.2000000000001,0.999999999999994
26.3000000000001,0.999999999999995
26.4000000000001,0.999999999999996
26.5000000000001,0.999999999999996
26.6000000000001,0.999999999999997
26.7000000000001,0.999999999999997
26.8000000000001,0.999999999999998
26.9000000000001,0.999999999999998
27.0000000000001,0.999999999999998
27.1000000000001,0.999999999999998
27.2000000000001,0.999999999999998
27.3000000000001,0.999999999999999
27.4000000000001,0.999999999999999
27.5000000000001,0.999999999999999
27.6000000000001,0.999999999999999
27.7000000000001,0.999999999999999
27.8000000000001,0.999999999999999
27.9000000000001,0.999999999999999
28.0000000000001,0.999999999999999
28.1000000000001,0.999999999999999
28.2000000000001,0.999999999999999
28.3000000000001,0.999999999999999
28.4000000000001,0.999999999999999
28.5000000000001,0.999999999999999
28.6000000000001,0.999999999999999
28.7000000000001,0.999999999999999
28.8000000000001,0.999999999999999
28.9000000000001,0.999999999999999
29.0000000000001,0.999999999999999
29.1000000000001,0.999999999999999
29.2000000000001,0.999999999999999
29.3000000000001,0.999999999999999
29.4000000000001,0.999999999999999
29.5000000000001,0.999999999999999
29.6000000000002,0.999999999999999
29.7000000000002,0.999999999999999
29.8000000000002,0.999999999999999
29.9000000000002,0.999999999999999
30.0000000000002,0.999999999999999
30.1000000000002,0.999999999999999
30.2000000000002,0.999999999999999
30.3000000000002,0.999999999999999
30.4000000000002,0.999999999999999
30.5000000000002,0.999999999999999
30.6000000000002,0.999999999999999
30.7000000000002,0.999999999999999
30.8000000000002,0.999999999999999
30.9000000000002,0.999999999999999
31.0000000000002,0.999999999999999
31.1000000000002,0.999999999999999
31.2000000000002,0.999999999999999
31.3000000000002,0.999999999999999
31.4000000000002,0.999999999999999
31.5000000000002,0.999999999999999
31.6000000000002,0.999999999999999
31.7000000000002,0.999999999999999
31.8000000000002,0.999999999999999
31.9000000000002,0.999999999999999
32.0000000000002,0.999999999999999
32.1000000000002,0.999999999999999
32.2000000000002,0.999999999999999
32.3000000000002,0.999999999999999
32.4000000000002,0.999999999999999
32.5000000000002,0.999999999999999
32.6000000000002,0.999999999999999
32.7000000000002,0.999999999999999
32.8000000000002,0.999999999999999
32.9000000000002,0.999999999999999
33.0000000000002,0.999999999999999
33.1000000000002,0.999999999999999
33.2000000000002,0.999999999999999
33.3000000000002,0.999999999999999
33.4000000000002,0.999999999999999
33.5000000000002,0.999999999999999
33.6000000000002,0.999999999999999
33.7000000000002,0.999999999999999
33.8000000000002,0.999999999999999
33.9000000000002,0.999999999999999
34.0000000000002,0.999999999999999
34.1000000000002,0.999999999999999
34.2000000000002,0.999999999999999
34.3000000000002,0.999999999999999
34.4000000000002,0.999999999999999
34.5000000000002,0.999999999999999
34.6000000000002,0.999999999999999
34.7000000000002,0.999999999999999
34.8000000000002,0.999999999999999
34.9000000000002,0.999999999999999
35.0000000000002,0.999999999999999
35.1000000000002,0.999999999999999
35.2000000000002,0.999999999999999
35.3000000000002,0.999999999999999
35.4000000000002,0.999999999999999
35.5000000000002,0.999999999999999
35.6000000000002,0.999999999999999
35.7000000000002,0.999999999999999
35.8000000000002,0.999999999999999
35.9000000000002,0.999999999999999
36.0000000000002,0.999999999999999
36.1000000000002,0.999999999999999
36.2000000000002,0.999999999999999
36.3000000000002,0.999999999999999
36.4000000000002,0.999999999999999
36.5000000000002,0.999999999999999
36.6000000000003,0.999999999999999
36.7000000000003,0.999999999999999
36.8000000000003,0.999999999999999
36.9000000000003,0.999999999999999
37.0000000000003,0.999999999999999
37.1000000000003,0.999999999999999
37.2000000000003,0.999999999999999
37.3000000000003,0.999999999999999
37.4000000000003,0.999999999999999
37.5000000000003,0.999999999999999
37.6000000000003,0.999999999999999
37.7000000000003,0.999999999999999
37.8000000000003,0.999999999999999
37.9000000000003,0.999999999999999
38.0000000000003,0.999999999999999
38.1000000000003,0.999999999999999
38.2000000000003,0.999999999999999
38.3000000000003,0.999999999999999
38.4000000000003,0.999999999999999
38.5000000000003,0.999999999999999
38.6000000000003,0.999999999999999
38.7000000000003,0.999999999999999
38.8000000000003,0.999999999999999
38.9000000000003,0.999999999999999
39.0000000000003,0.999999999999999
39.1000000000003,0.999999999999999
39.2000000000003,0.999999999999999
39.3000000000003,0.999999999999999
39.4000000000003,0.999999999999999
39.5000000000003,0.999999999999999
39.6000000000003,0.999999999999999
39.7000000000003,0.999999999999999
39.8000000000003,0.999999999999999
39.9000000000003,0.999999999999999
40.0000000000003,0.999999999999999
40.1000000000003,0.999999999999999
40.2000000000003,0.999999999999999
40.3000000000003,0.999999999999999
40.4000000000003,0.999999999999999
40.5000000000003,0.999999999999999
40.6000000000003,0.999999999999999
40.7000000000003,0.999999999999999
40.8000000000003,0.999999999999999
40.9000000000003,0.999999999999999
41.0000000000003,0.999999999999999
41.1000000000003,0.999999999999999
41.2000000000003,0.999999999999999
41.3000000000003,0.999999999999999
41.4000000000003,0.999999999999999
41.5000000000003,0.999999999999999
41.6000000000003,0.999999999999999
41.7000000000003,0.999999999999999
41.8000000000003,0.999999999999999
41.9000000000003,0.999999999999999
42.0000000000003,0.999999999999999
42.1000000000003,0.999999999999999
42.2000000000003,0.999999999999999
42.3000000000003,0.999999999999999
42.4000000000003,0.999999999999999
42.5000000000003,0.999999999999999
42.6000000000003,0.999999999999999
42.7000000000003,0.999999999999999
42.8000000000003,0.999999999999999
42.9000000000003,0.999999999999999
43.0000000000003,0.999999999999999
43.1000000000003,0.999999999999999
43.2000000000003,0.999999999999999
43.3000000000003,0.999999999999999
43.4000000000003,0.999999999999999
43.5000000000003,0.999999999999999
43.6000000000003,0.999999999999999
43.7000000000004,0.999999999999999
43.8000000000004,0.999999999999999
43.9000000000004,0.999999999999999
44.0000000000004,0.999999999999999
44.1000000000004,0.999999999999999
44.2000000000004,0.999999999999999
44.3000000000004,0.999999999999999
44.4000000000004,0.999999999999999
44.5000000000004,0.999999999999999
44.6000000000004,0.999999999999999
44.7000000000004,0.999999999999999
44.8000000000004,0.999999999999999
44.9000000000004,0.999999999999999
45.0000000000004,0.999999999999999
45.1000000000004,0.999999999999999
45.2000000000004,0.999999999999999
45.3000000000004,0.999999999999999
45.4000000000004,0.999999999999999
45.5000000000004,0.999999999999999
45.6000000000004,0.999999999999999
45.7000000000004,0.999999999999999
45.8000000000004,0.999999999999999
45.9000000000004,0.999999999999999
46.0000000000004,0.999999999999999
46.1000000000004,0.999999999999999
46.2000000000004,0.999999999999999
46.3000000000004,0.999999999999999
46.4000000000004,0.999999999999999
46.5000000000004,0.999999999999999
46.6000000000004,0.999999999999999
46.7000000000004,0.999999999999999
46.8000000000004,0.999999999999999
46.9000000000004,0.999999999999999
47.0000000000004,0.999999999999999
47.1000000000004,0.999999999999999
47.2000000000004,0.999999999999999
47.3000000000004,0.999999999999999
47.4000000000004,0.999999999999999
47.5000000000004,0.999999999999999
47.6000000000004,0.999999999999999
47.7000000000004,0.999999999999999
47.8000000000004,0.999999999999999
47.9000000000004,0.999999999999999
48.0000000000004,0.999999999999999
48.1000000000004,0.999999999999999
48.2000000000004,0.999999999999999
48.3000000000004,0.999999999999999
48.4000000000004,0.999999999999999
48.5000000000004,0.999999999999999
48.6000000000004,0.999999999999999
48.7000000000004,0.999999999999999
48.8000000000004,0.999999999999999
48.9000000000004,0.999999999999999
49.0000000000004,0.999999999999999
49.1000000000004,0.999999999999999
49.2000000000004,0.999999999999999
49.3000000000004,0.999999999999999
49.4000000000004,0.999999999999999
49.5000000000004,0.999999999999999
49.6000000000004,0.999999999999999
49.7000000000004,0.999999999999999
49.8000000000004,0.999999999999999
49.9000000000004,0.999999999999999
50.0000000000004,0.999999999999999
50.1000000000004,0.999999999999999
50.2000000000004,0.999999999999999
50.3000000000004,0.999999999999999
50.4000000000004,0.999999999999999
50.5000000000004,0.999999999999999
50.6000000000004,0.999999999999999
50.7000000000005,0.999999999999999
50.8000000000005,0.999999999999999
50.9000000000005,0.999999999999999
51.0000000000005,0.999999999999999
51.1000000000005,0.999999999999999
51.2000000000005,0.999999999999999
51.3000000000005,0.999999999999999
51.4000000000005,0.999999999999999
51.5000000000005,0.999999999999999
51.6000000000005,0.999999999999999
51.7000000000005,0.999999999999999
51.8000000000005,0.999999999999999
51.9000000000005,0.999999999999999
52.0000000000005,0.999999999999999
52.1000000000005,0.999999999999999
52.2000000000005,0.999999999999999
52.3000000000005,0.999999999999999
52.4000000000005,0.999999999999999
52.5000000000005,0.999999999999999
52.6000000000005,0.999999999999999
52.7000000000005,0.999999999999999
52.8000000000005,0.999999999999999
52.9000000000005,0.999999999999999
53.0000000000005,0.999999999999999
53.1000000000005,0.999999999999999
53.2000000000005,0.999999999999999
53.3000000000005,0.999999999999999
53.4000000000005,0.999999999999999
53.5000000000005,0.999999999999999
53.6000000000005,0.999999999999999
53.7000000000005,0.999999999999999
53.8000000000005,0.999999999999999
53.9000000000005,0.999999999999999
54.0000000000005,0.999999999999999
54.1000000000005,0.999999999999999
54.2000000000005,0.999999999999999
54.3000000000005,0.999999999999999
54.4000000000005,0.999999999999999
54.5000000000005,0.999999999999999
54.6000000000005,0.999999999999999
54.7000000000005,0.999999999999999
54.8000000000005,0.999999999999999
54.9000000000005,0.999999999999999
55.0000000000005,0.999999999999999
55.1000000000005,0.999999999999999
55.2000000000005,0.999999999999999
55.3000000000005,0.999999999999999
55.4000000000005,0.999999999999999
55.5000000000005,0.999999999999999
55.6000000000005,0.999999999999999
55.7000000000005,0.999999999999999
55.8000000000005,0.999999999999999
55.9000000000005,0.999999999999999
56.0000000000005,0.999999999999999
56.1000000000005,0.999999999999999
56.2000000000005,0.999999999999999
56.3000000000005,0.999999999999999
56.4000000000005,0.999999999999999
56.5000000000005,0.999999999999999
56.6000000000005,0.999999999999999
56.7000000000005,0.999999999999999
56.8000000000005,0.999999999999999
56.9000000000005,0.999999999999999
57.0000000000005,0.999999999999999
57.1000000000005,0.999999999999999
57.2000000000005,0.999999999999999
57.3000000000005,0.999999999999999
57.4000000000005,0.999999999999999
57.5000000000005,0.999999999999999
57.6000000000005,0.999999999999999
57.7000000000005,0.999999999999999
57.8000000000006,0.999999999999999
57.9000000000006,0.999999999999999
58.0000000000006,0.999999999999999
58.1000000000006,0.999999999999999
58.2000000000006,0.999999999999999
58.3000000000006,0.999999999999999
58.4000000000006,0.999999999999999
58.5000000000006,0.999999999999999
58.6000000000006,0.999999999999999
58.7000000000006,0.999999999999999
58.8000000000006,0.999999999999999
58.9000000000006,0.999999999999999
59.0000000000006,0.999999999999999
59.1000000000006,0.999999999999999
59.2000000000006,0.999999999999999
59.3000000000006,0.999999999999999
59.4000000000006,0.999999999999999
59.5000000000006,0.999999999999999
59.6000000000006,0.999999999999999
59.7000000000006,0.999999999999999
59.8000000000006,0.999999999999999
59.9000000000006,0.999999999999999
60.0000000000006,0.999999999999999
60.1000000000006,0.999999999999999
60.2000000000006,0.999999999999999
60.3000000000006,0.999999999999999
60.4000000000006,0.999999999999999
60.5000000000006,0.999999999999999
60.6000000000006,0.999999999999999
60.7000000000006,0.999999999999999
60.8000000000006,0.999999999999999
60.9000000000006,0.999999999999999
61.0000000000006,0.999999999999999
61.1000000000006,0.999999999999999
61.2000000000006,0.999999999999999
61.3000000000006,0.999999999999999
61.4000000000006,0.999999999999999
61.5000000000006,0.999999999999999
61.6000000000006,0.999999999999999
61.7000000000006,0.999999999999999
61.8000000000006,0.999999999999999
61.9000000000006,0.999999999999999
62.0000000000006,0.999999999999999
62.1000000000006,0.999999999999999
62.2000000000006,0.999999999999999
62.3000000000006,0.999999999999999
62.4000000000006,0.999999999999999
62.5000000000006,0.999999999999999
62.6000000000006,0.999999999999999
62.7000000000006,0.999999999999999
62.8000000000006,0.999999999999999
62.9000000000006,0.999999999999999
63.0000000000006,0.999999999999999
63.1000000000006,0.999999999999999
63.2000000000006,0.999999999999999
63.3000000000006,0.999999999999999
63.4000000000006,0.999999999999999
63.5000000000006,0.999999999999999
63.6000000000006,0.999999999999999
63.7000000000006,0.999999999999999
63.8000000000006,0.999999999999999
63.9000000000006,0.999999999999999
64.0000000000006,0.999999999999999
64.1000000000006,0.999999999999999
64.2000000000006,0.999999999999999
64.3000000000006,0.999999999999999
64.4000000000006,0.999999999999999
64.5000000000006,0.999999999999999
64.6000000000006,0.999999999999999
64.7000000000006,0.999999999999999
64.8000000000006,0.999999999999999
64.9000000000006,0.999999999999999
65.0000000000006,0.999999999999999
65.1000000000006,0.999999999999999
65.2000000000006,0.999999999999999
65.3000000000006,0.999999999999999
65.4000000000006,0.999999999999999
65.5000000000006,0.999999999999999
65.6000000000005,0.999999999999999
65.7000000000005,0.999999999999999
65.8000000000005,0.999999999999999
65.9000000000005,0.999999999999999
66.0000000000005,0.999999999999999
66.1000000000005,0.999999999999999
66.2000000000005,0.999999999999999
66.3000000000005,0.999999999999999
66.4000000000005,0.999999999999999
66.5000000000005,0.999999999999999
66.6000000000005,0.999999999999999
66.7000000000005,0.999999999999999
66.8000000000005,0.999999999999999
66.9000000000005,0.999999999999999
67.0000000000005,0.999999999999999
67.1000000000005,0.999999999999999
67.2000000000005,0.999999999999999
67.3000000000005,0.999999999999999
67.4000000000004,0.999999999999999
67.5000000000004,0.999999999999999
67.6000000000004,0.999999999999999
67.7000000000004,0.999999999999999
67.8000000000004,0.999999999999999
67.9000000000004,0.999999999999999
68.0000000000004,0.999999999999999
68.1000000000004,0.999999999999999
68.2000000000004,0.999999999999999
68.3000000000004,0.999999999999999
68.4000000000004,0.999999999999999
68.5000000000004,0.999999999999999
68.6000000000004,0.999999999999999
68.7000000000004,0.999999999999999
68.8000000000004,0.999999999999999
68.9000000000004,0.999999999999999
69.0000000000004,0.999999999999999
69.1000000000003,0.999999999999999
69.2000000000003,0.999999999999999
69.3000000000003,0.999999999999999
69.4000000000003,0.999999999999999
69.5000000000003,0.999999999999999
69.6000000000003,0.999999999999999
69.7000000000003,0.999999999999999
69.8000000000003,0.999999999999999
69.9000000000003,0.999999999999999
70.0000000000003,0.999999999999999
70.1000000000003,0.999999999999999
70.2000000000003,0.999999999999999
70.3000000000003,0.999999999999999
70.4000000000003,0.999999999999999
70.5000000000003,0.999999999999999
70.6000000000003,0.999999999999999
70.7000000000003,0.999999999999999
70.8000000000003,0.999999999999999
70.9000000000002,0.999999999999999
71.0000000000002,0.999999999999999
71.1000000000002,0.999999999999999
71.2000000000002,0.999999999999999
71.3000000000002,0.999999999999999
71.4000000000002,0.999999999999999
71.5000000000002,0.999999999999999
71.6000000000002,0.999999999999999
71.7000000000002,0.999999999999999
71.8000000000002,0.999999999999999
71.9000000000002,0.999999999999999
72.0000000000002,0.999999999999999
72.1000000000002,0.999999999999999
72.2000000000002,0.999999999999999
72.3000000000002,0.999999999999999
72.4000000000002,0.999999999999999
72.5000000000002,0.999999999999999
72.6000000000002,0.999999999999999
72.7000000000001,0.999999999999999
72.8000000000001,0.999999999999999
72.9000000000001,0.999999999999999
73.0000000000001,0.999999999999999
73.1000000000001,0.999999999999999
73.2000000000001,0.999999999999999
73.3000000000001,0.999999999999999
73.4000000000001,0.999999999999999
73.5000000000001,0.999999999999999
73.6000000000001,0.999999999999999
73.7000000000001,0.999999999999999
73.8000000000001,0.999999999999999
73.9000000000001,0.999999999999999
74.0000000000001,0.999999999999999
74.1000000000001,0.999999999999999
74.2000000000001,0.999999999999999
74.3000000000001,0.999999999999999
74.4,0.999999999999999
74.5,0.999999999999999
74.6,0.999999999999999
74.7,0.999999999999999
74.8,0.999999999999999
74.9,0.999999999999999
75,0.999999999999999
75.1,0.999999999999999
75.2,0.999999999999999
75.3,0.999999999999999
75.4,0.999999999999999
75.5,0.999999999999999
75.6,0.999999999999999
75.7,0.999999999999999
75.8,0.999999999999999
75.9,0.999999999999999
76,0.999999999999999
76.1,0.999999999999999
76.1999999999999,0.999999999999999
76.2999999999999,0.999999999999999
76.3999999999999,0.999999999999999
76.4999999999999,0.999999999999999
76.5999999999999,0.999999999999999
76.6999999999999,0.999999999999999
76.7999999999999,0.999999999999999
76.8999999999999,0.999999999999999
76.9999999999999,0.999999999999999
77.0999999999999,0.999999999999999
77.1999999999999,0.999999999999999
77.2999999999999,0.999999999999999
77.3999999999999,0.999999999999999
77.4999999999999,0.999999999999999
77.5999999999999,0.999999999999999
77.6999999999999,0.999999999999999
77.7999999999999,0.999999999999999
77.8999999999998,0.999999999999999
77.9999999999998,0.999999999999999
78.0999999999998,0.999999999999999
78.1999999999998,0.999999999999999
78.2999999999998,0.999999999999999
78.3999999999998,0.999999999999999
78.4999999999998,0.999999999999999
78.5999999999998,0.999999999999999
78.6999999999998,0.999999999999999
78.7999999999998,0.999999999999999
78.8999999999998,0.999999999999999
78.9999999999998,0.999999999999999
79.0999999999998,0.999999999999999
79.1999999999998,0.999999999999999
79.2999999999998,0.999999999999999
79.3999999999998,0.999999999999999
79.4999999999998,0.999999999999999
79.5999999999998,0.999999999999999
79.6999999999997,0.999999999999999
79.7999999999997,0.999999999999999
79.8999999999997,0.999999999999999
79.9999999999997,0.999999999999999
80.0999999999997,0.999999999999999
80.1999999999997,0.999999999999999
80.2999999999997,0.999999999999999
80.3999999999997,0.999999999999999
80.4999999999997,0.999999999999999
80.5999999999997,0.999999999999999
80.6999999999997,0.999999999999999
80.7999999999997,0.999999999999999
80.8999999999997,0.999999999999999
80.9999999999997,0.999999999999999
81.0999999999997,0.999999999999999
81.1999999999997,0.999999999999999
81.2999999999997,0.999999999999999
81.3999999999997,0.999999999999999
81.4999999999996,0.999999999999999
81.5999999999996,0.999999999999999
81.6999999999996,0.999999999999999
81.7999999999996,0.999999999999999
81.8999999999996,0.999999999999999
81.9999999999996,0.999999999999999
82.0999999999996,0.999999999999999
82.1999999999996,0.999999999999999
82.2999999999996,0.999999999999999
82.3999999999996,0.999999999999999
82.4999999999996,0.999999999999999
82.5999999999996,0.999999999999999
82.6999999999996,0.999999999999999
82.7999999999996,0.999999999999999
82.8999999999996,0.999999999999999
82.9999999999996,0.999999999999999
83.0999999999996,0.999999999999999
83.1999999999995,0.999999999999999
83.2999999999995,0.999999999999999
83.3999999999995,0.999999999999999
83.4999999999995,0.999999999999999
83.5999999999995,0.999999999999999
83.6999999999995,0.999999999999999
83.7999999999995,0.999999999999999
83.8999999999995,0.999999999999999
83.9999999999995,0.999999999999999
84.0999999999995,0.999999999999999
84.1999999999995,0.999999999999999
84.2999999999995,0.999999999999999
84.3999999999995,0.999999999999999
84.4999999999995,0.999999999999999
84.5999999999995,0.999999999999999
84.6999999999995,0.999999999999999
84.7999999999995,0.999999999999999
84.8999999999995,0.999999999999999
84.9999999999994,0.999999999999999
85.0999999999994,0.999999999999999
85.1999999999994,0.999999999999999
85.2999999999994,0.999999999999999
85.3999999999994,0.999999999999999
85.4999999999994,0.999999999999999
85.5999999999994,0.999999999999999
85.6999999999994,0.999999999999999
85.7999999999994,0.999999999999999
85.8999999999994,0.999999999999999
85.9999999999994,0.999999999999999
86.0999999999994,0.999999999999999
86.1999999999994,0.999999999999999
86.2999999999994,0.999999999999999
86.3999999999994,0.999999999999999
86.4999999999994,0.999999999999999
86.5999999999994,0.999999999999999
86.6999999999993,0.999999999999999
86.7999999999993,0.999999999999999
86.8999999999993,0.999999999999999
86.9999999999993,0.999999999999999
87.0999999999993,0.999999999999999
87.1999999999993,0.999999999999999
87.2999999999993,0.999999999999999
87.3999999999993,0.999999999999999
87.4999999999993,0.999999999999999
87.5999999999993,0.999999999999999
87.6999999999993,0.999999999999999
87.7999999999993,0.999999999999999
87.8999999999993,0.999999999999999
87.9999999999993,0.999999999999999
88.0999999999993,0.999999999999999
88.1999999999993,0.999999999999999
88.2999999999993,0.999999999999999
88.3999999999993,0.999999999999999
88.4999999999992,0.999999999999999
88.5999999999992,0.999999999999999
88.6999999999992,0.999999999999999
88.7999999999992,0.999999999999999
88.8999999999992,0.999999999999999
88.9999999999992,0.999999999999999
89.0999999999992,0.999999999999999
89.1999999999992,0.999999999999999
89.2999999999992,0.999999999999999
89.3999999999992,0.999999999999999
89.4999999999992,0.999999999999999
89.5999999999992,0.999999999999999
89.6999999999992,0.999999999999999
89.7999999999992,0.999999999999999
89.8999999999992,0.999999999999999
89.9999999999992,0.999999999999999
90.0999999999992,0.999999999999999
90.1999999999992,0.999999999999999
90.2999999999991,0.999999999999999
90.3999999999991,0.999999999999999
90.4999999999991,0.999999999999999
90.5999999999991,0.999999999999999
90.6999999999991,0.999999999999999
90.7999999999991,0.999999999999999
90.8999999999991,0.999999999999999
90.9999999999991,0.999999999999999
91.0999999999991,0.999999999999999
91.1999999999991,0.999999999999999
91.2999999999991,0.999999999999999
91.3999999999991,0.999999999999999
91.4999999999991,0.999999999999999
91.5999999999991,0.999999999999999
91.6999999999991,0.999999999999999
91.7999999999991,0.999999999999999
91.8999999999991,0.999999999999999
91.999999999999,0.999999999999999
92.099999999999,0.999999999999999
92.199999999999,0.999999999999999
92.299999999999,0.999999999999999
92.399999999999,0.999999999999999
92.499999999999,0.999999999999999
92.599999999999,0.999999999999999
92.699999999999,0.999999999999999
92.799999999999,0.999999999999999
92.899999999999,0.999999999999999
92.999999999999,0.999999999999999
93.099999999999,0.999999999999999
93.199999999999,0.999999999999999
93.299999999999,0.999999999999999
93.399999999999,0.999999999999999
93.499999999999,0.999999999999999
93.599999999999,0.999999999999999
93.699999999999,0.999999999999999
93.7999999999989,0.999999999999999
93.8999999999989,0.999999999999999
93.9999999999989,0.999999999999999
94.0999999999989,0.999999999999999
94.1999999999989,0.999999999999999
94.2999999999989,0.999999999999999
94.3999999999989,0.999999999999999
94.4999999999989,0.999999999999999
94.5999999999989,0.999999999999999
94.6999999999989,0.999999999999999
94.7999999999989,0.999999999999999
94.8999999999989,0.999999999999999
94.9999999999989,0.999999999999999
95.0999999999989,0.999999999999999
95.1999999999989,0.999999999999999
95.2999999999989,0.999999999999999
95.3999999999989,0.999999999999999
95.4999999999988,0.999999999999999
95.5999999999988,0.999999999999999
95.6999999999988,0.999999999999999
95.7999999999988,0.999999999999999
95.8999999999988,0.999999999999999
95.9999999999988,0.999999999999999
96.0999999999988,0.999999999999999
96.1999999999988,0.999999999999999
96.2999999999988,0.999999999999999
96.3999999999988,0.999999999999999
96.4999999999988,0.999999999999999
96.5999999999988,0.999999999999999
96.6999999999988,0.999999999999999
96.7999999999988,0.999999999999999
96.8999999999988,0.999999999999999
96.9999999999988,0.999999999999999
97.0999999999988,0.999999999999999
97.1999999999988,0.999999999999999
97.2999999999987,0.999999999999999
97.3999999999987,0.999999999999999
97.4999999999987,0.999999999999999
97.5999999999987,0.999999999999999
97.6999999999987,0.999999999999999
97.7999999999987,0.999999999999999
97.8999999999987,0.999999999999999
97.9999999999987,0.999999999999999
98.0999999999987,0.999999999999999
98.1999999999987,0.999999999999999
98.2999999999987,0.999999999999999
98.3999999999987,0.999999999999999
98.4999999999987,0.999999999999999
98.5999999999987,0.999999999999999
98.6999999999987,0.999999999999999
98.7999999999987,0.999999999999999
98.8999999999987,0.999999999999999
98.9999999999986,0.999999999999999
99.0999999999986,0.999999999999999
99.1999999999986,0.999999999999999
99.2999999999986,0.999999999999999
99.3999999999986,0.999999999999999
99.4999999999986,0.999999999999999
99.5999999999986,0.999999999999999
99.6999999999986,0.999999999999999
99.7999999999986,0.999999999999999
99.8999999999986,0.999999999999999
99.9999999999986,0.999999999999999
100.099999999999,0.999999999999999
100.199999999999,0.999999999999999
100.299999999999,0.999999999999999
100.399999999999,0.999999999999999
100.499999999999,0.999999999999999
100.599999999999,0.999999999999999
100.699999999999,0.999999999999999
100.799999999999,0.999999999999999
100.899999999999,0.999999999999999
100.999999999999,0.999999999999999
101.099999999999,0.999999999999999
101.199999999999,0.999999999999999
101.299999999999,0.999999999999999
101.399999999999,0.999999999999999
101.499999999999,0.999999999999999
101.599999999999,0.999999999999999
101.699999999998,0.999999999999999
101.799999999998,0.999999999999999
101.899999999998,0.999999999999999
101.999999999998,0.999999999999999
102.099999999998,0.999999999999999
102.199999999998,0.999999999999999
102.299999999998,0.999999999999999
102.399999999998,0.999999999999999
102.499999999998,0.999999999999999
102.599999999998,0.999999999999999
102.699999999998,0.999999999999999
102.799999999998,0.999999999999999
102.899999999998,0.999999999999999
102.999999999998,0.999999999999999
103.099999999998,0.999999999999999
103.199999999998,0.999999999999999
103.299999999998,0.999999999999999
103.399999999998,0.999999999999999
103.499999999998,0.999999999999999
103.599999999998,0.999999999999999
103.699999999998,0.999999999999999
103.799999999998,0.999999999999999
103.899999999998,0.999999999999999
103.999999999998,0.999999999999999
104.099999999998,0.999999999999999
104.199999999998,0.999999999999999
104.299999999998,0.999999999999999
104.399999999998,0.999999999999999
104.499999999998,0.999999999999999
104.599999999998,0.999999999999999
104.699999999998,0.999999999999999
104.799999999998,0.999999999999999
104.899999999998,0.999999999999999
104.999999999998,0.999999999999999
105.099999999998,0.999999999999999
105.199999999998,0.999999999999999
105.299999999998,0.999999999999999
105.399999999998,0.999999999999999
105.499999999998,0.999999999999999
105.599999999998,0.999999999999999
105.699999999998,0.999999999999999
105.799999999998,0.999999999999999
105.899999999998,0.999999999999999
105.999999999998,0.999999999999999
106.099999999998,0.999999999999999
106.199999999998,0.999999999999999
106.299999999998,0.999999999999999
106.399999999998,0.999999999999999
106.499999999998,0.999999999999999
106.599999999998,0.999999999999999
106.699999999998,0.999999999999999
106.799999999998,0.999999999999999
106.899999999998,0.999999999999999
106.999999999998,0.999999999999999
107.099999999998,0.999999999999999
107.199999999998,0.999999999999999
107.299999999998,0.999999999999999
107.399999999998,0.999999999999999
107.499999999998,0.999999999999999
107.599999999998,0.999999999999999
107.699999999998,0.999999999999999
107.799999999998,0.999999999999999
107.899999999998,0.999999999999999
107.999999999998,0.999999999999999
108.099999999998,0.999999999999999
108.199999999998,0.999999999999999
108.299999999998,0.999999999999999
108.399999999998,0.999999999999999
108.499999999998,0.999999999999999
108.599999999998,0.999999999999999
108.699999999998,0.999999999999999
108.799999999998,0.999999999999999
108.899999999998,0.999999999999999
108.999999999998,0.999999999999999
109.099999999998,0.999999999999999
109.199999999998,0.999999999999999
109.299999999998,0.999999999999999
109.399999999998,0.999999999999999
109.499999999998,0.999999999999999
109.599999999998,0.999999999999999
109.699999999998,0.999999999999999
109.799999999998,0.999999999999999
109.899999999998,0.999999999999999
109.999999999998,0.999999999999999
110.099999999998,0.999999999999999
110.199999999998,0.999999999999999
110.299999999998,0.999999999999999
110.399999999998,0.999999999999999
110.499999999998,0.999999999999999
110.599999999998,0.999999999999999
110.699999999998,0.999999999999999
110.799999999998,0.999999999999999
110.899999999998,0.999999999999999
110.999999999998,0.999999999999999
111.099999999998,0.999999999999999
111.199999999998,0.999999999999999
111.299999999998,0.999999999999999
111.399999999998,0.999999999999999
111.499999999998,0.999999999999999
111.599999999998,0.999999999999999
111.699999999998,0.999999999999999
111.799999999998,0.999999999999999
111.899999999998,0.999999999999999
111.999999999998,0.999999999999999
112.099999999998,0.999999999999999
112.199999999998,0.999999999999999
112.299999999998,0.999999999999999
112.399999999998,0.999999999999999
112.499999999998,0.999999999999999
112.599999999998,0.999999999999999
112.699999999998,0.999999999999999
112.799999999998,0.999999999999999
112.899999999998,0.999999999999999
112.999999999998,0.999999999999999
113.099999999998,0.999999999999999
113.199999999998,0.999999999999999
113.299999999998,0.999999999999999
113.399999999998,0.999999999999999
113.499999999998,0.999999999999999
113.599999999998,0.999999999999999
113.699999999998,0.999999999999999
113.799999999998,0.999999999999999
113.899999999998,0.999999999999999
113.999999999998,0.999999999999999
114.099999999998,0.999999999999999
114.199999999998,0.999999999999999
114.299999999998,0.999999999999999
114.399999999998,0.999999999999999
114.499999999998,0.999999999999999
114.599999999998,0.999999999999999
114.699999999998,0.999999999999999
114.799999999998,0.999999999999999
114.899999999998,0.999999999999999
114.999999999998,0.999999999999999
115.099999999998,0.999999999999999
115.199999999998,0.999999999999999
115.299999999998,0.999999999999999
115.399999999998,0.999999999999999
115.499999999998,0.999999999999999
115.599999999998,0.999999999999999
115.699999999998,0.999999999999999
115.799999999998,0.999999999999999
115.899999999998,0.999999999999999
115.999999999998,0.999999999999999
116.099999999998,0.999999999999999
116.199999999998,0.999999999999999
116.299999999998,0.999999999999999
116.399999999998,0.999999999999999
116.499999999998,0.999999999999999
116.599999999998,0.999999999999999
116.699999999998,0.999999999999999
116.799999999998,0.999999999999999
116.899999999998,0.999999999999999
116.999999999998,0.999999999999999
117.099999999998,0.999999999999999
117.199999999998,0.999999999999999
117.299999999998,0.999999999999999
117.399999999998,0.999999999999999
117.499999999998,0.999999999999999
117.599999999998,0.999999999999999
117.699999999998,0.999999999999999
117.799999999998,0.999999999999999
117.899999999998,0.999999999999999
117.999999999998,0.999999999999999
118.099999999998,0.999999999999999
118.199999999998,0.999999999999999
118.299999999998,0.999999999999999
118.399999999998,0.999999999999999
118.499999999998,0.999999999999999
118.599999999998,0.999999999999999
118.699999999998,0.999999999999999
118.799999999998,0.999999999999999
118.899999999998,0.999999999999999
118.999999999998,0.999999999999999
119.099999999998,0.999999999999999
119.199999999998,0.999999999999999
119.299999999997,0.999999999999999
119.399999999997,0.999999999999999
119.499999999997,0.999999999999999
119.599999999997,0.999999999999999
119.699999999997,0.999999999999999
119.799999999997,0.999999999999999
119.899999999997,0.999999999999999
119.999999999997,0.999999999999999
120.099999999997,0.999999999999999
120.199999999997,0.999999999999999
120.299999999997,0.999999999999999
120.399999999997,0.999999999999999
120.499999999997,0.999999999999999
120.599999999997,0.999999999999999
120.699999999997,0.999999999999999
120.799999999997,0.999999999999999
120.899999999997,0.999999999999999
120.999999999997,0.999999999999999
121.099999999997,0.999999999999999
121.199999999997,0.999999999999999
121.299999999997,0.999999999999999
121.399999999997,0.999999999999999
121.499999999997,0.999999999999999
121.599999999997,0.999999999999999
121.699999999997,0.999999999999999
121.799999999997,0.999999999999999
121.899999999997,0.999999999999999
121.999999999997,0.999999999999999
122.099999999997,0.999999999999999
122.199999999997,0.999999999999999
122.299999999997,0.999999999999999
122.399999999997,0.999999999999999
122.499999999997,0.999999999999999
122.599999999997,0.999999999999999
122.699999999997,0.999999999999999
122.799999999997,0.999999999999999
122.899999999997,0.999999999999999
122.999999999997,0.999999999999999
123.099999999997,0.999999999999999
123.199999999997,0.999999999999999
123.299999999997,0.999999999999999
123.399999999997,0.999999999999999
123.499999999997,0.999999999999999
123.599999999997,0.999999999999999
123.699999999997,0.999999999999999
123.799999999997,0.999999999999999
123.899999999997,0.999999999999999
123.999999999997,0.999999999999999
124.099999999997,0.999999999999999
124.199999999997,0.999999999999999
124.299999999997,0.999999999999999
124.399999999997,0.999999999999999
124.499999999997,0.999999999999999
124.599999999997,0.999999999999999
124.699999999997,0.999999999999999
124.799999999997,0.999999999999999
124.899999999997,0.999999999999999
124.999999999997,0.999999999999999
125.099999999997,0.999999999999999
125.199999999997,0.999999999999999
125.299999999997,0.999999999999999
125.399999999997,0.999999999999999
125.499999999997,0.999999999999999
125.599999999997,0.999999999999999
125.699999999997,0.999999999999999
125.799999999997,0.999999999999999
125.899999999997,0.999999999999999
125.999999999997,0.999999999999999
126.099999999997,0.999999999999999
126.199999999997,0.999999999999999
126.299999999997,0.999999999999999
126.399999999997,0.999999999999999
126.499999999997,0.999999999999999
126.599999999997,0.999999999999999
126.699999999997,0.999999999999999
126.799999999997,0.999999999999999
126.899999999997,0.999999999999999
126.999999999997,0.999999999999999
127.099999999997,0.999999999999999
127.199999999997,0.999999999999999
127.299999999997,0.999999999999999
127.399999999997,0.999999999999999
127.499999999997,0.999999999999999
127.599999999997,0.999999999999999
127.699999999997,0.999999999999999
127.799999999997,0.999999999999999
127.899999999997,0.999999999999999
127.999999999997,0.999999999999999
128.099999999997,0.999999999999999
128.199999999997,0.999999999999999
128.299999999997,0.999999999999999
128.399999999997,0.999999999999999
128.499999999997,0.999999999999999
128.599999999997,0.999999999999999
128.699999999997,0.999999999999999
128.799999999997,0.999999999999999
128.899999999997,0.999999999999999
128.999999999997,0.999999999999999
129.099999999997,0.999999999999999
129.199999999997,0.999999999999999
129.299999999997,0.999999999999999
129.399999999997,0.999999999999999
129.499999999997,0.999999999999999
129.599999999997,0.999999999999999
129.699999999997,0.999999999999999
129.799999999997,0.999999999999999
129.899999999997,0.999999999999999
129.999999999997,0.999999999999999
130.099999999997,0.999999999999999
130.199999999997,0.999999999999999
130.299999999997,0.999999999999999
130.399999999997,0.999999999999999
130.499999999997,0.999999999999999
130.599999999997,0.999999999999999
130.699999999997,0.999999999999999
130.799999999997,0.999999999999999
130.899999999997,0.999999999999999
130.999999999997,0.999999999999999
131.099999999997,0.999999999999999
131.199999999997,0.999999999999999
131.299999999997,0.999999999999999
131.399999999997,0.999999999999999
131.499999999997,0.999999999999999
131.599999999997,0.999999999999999
131.699999999997,0.999999999999999
131.799999999997,0.999999999999999
131.899999999997,0.999999999999999
131.999999999997,0.999999999999999
132.099999999997,0.999999999999999
132.199999999997,0.999999999999999
132.299999999997,0.999999999999999
132.399999999997,0.999999999999999
132.499999999997,0.999999999999999
132.599999999997,0.999999999999999
132.699999999997,0.999999999999999
132.799999999997,0.999999999999999
132.899999999997,0.999999999999999
132.999999999997,0.999999999999999
133.099999999997,0.999999999999999
133.199999999997,0.999999999999999
133.299999999997,0.999999999999999
133.399999999997,0.999999999999999
133.499999999997,0.999999999999999
133.599999999997,0.999999999999999
133.699999999997,0.999999999999999
133.799999999997,0.999999999999999
133.899999999997,0.999999999999999
133.999999999997,0.999999999999999
134.099999999997,0.999999999999999
134.199999999997,0.999999999999999
134.299999999997,0.999999999999999
134.399999999997,0.999999999999999
134.499999999997,0.999999999999999
134.599999999997,0.999999999999999
134.699999999997,0.999999999999999
134.799999999997,0.999999999999999
134.899999999997,0.999999999999999
134.999999999997,0.999999999999999
135.099999999997,0.999999999999999
135.199999999997,0.999999999999999
135.299999999997,0.999999999999999
135.399999999997,0.999999999999999
135.499999999997,0.999999999999999
135.599999999997,0.999999999999999
135.699999999997,0.999999999999999
135.799999999997,0.999999999999999
135.899999999997,0.999999999999999
135.999999999997,0.999999999999999
136.099999999997,0.999999999999999
136.199999999997,0.999999999999999
136.299999999997,0.999999999999999
136.399999999997,0.999999999999999
136.499999999997,0.999999999999999
136.599999999997,0.999999999999999
136.699999999997,0.999999999999999
136.799999999997,0.999999999999999
136.899999999997,0.999999999999999
136.999999999997,0.999999999999999
137.099999999996,0.999999999999999
137.199999999996,0.999999999999999
137.299999999996,0.999999999999999
137.399999999996,0.999999999999999
137.499999999996,0.999999999999999
137.599999999996,0.999999999999999
137.699999999996,0.999999999999999
137.799999999996,0.999999999999999
137.899999999996,0.999999999999999
137.999999999996,0.999999999999999
138.099999999996,0.999999999999999
138.199999999996,0.999999999999999
138.299999999996,0.999999999999999
138.399999999996,0.999999999999999
138.499999999996,0.999999999999999
138.599999999996,0.999999999999999
138.699999999996,0.999999999999999
138.799999999996,0.999999999999999
138.899999999996,0.999999999999999
138.999999999996,0.999999999999999
139.099999999996,0.999999999999999
139.199999999996,0.999999999999999
139.299999999996,0.999999999999999
139.399999999996,0.999999999999999
139.499999999996,0.999999999999999
139.599999999996,0.999999999999999
139.699999999996,0.999999999999999
139.799999999996,0.999999999999999
139.899999999996,0.999999999999999
139.999999999996,0.999999999999999
140.099999999996,0.999999999999999
140.199999999996,0.999999999999999
140.299999999996,0.999999999999999
140.399999999996,0.999999999999999
140.499999999996,0.999999999999999
140.599999999996,0.999999999999999
140.699999999996,0.999999999999999
140.799999999996,0.999999999999999
140.899999999996,0.999999999999999
140.999999999996,0.999999999999999
141.099999999996,0.999999999999999
141.199999999996,0.999999999999999
141.299999999996,0.999999999999999
141.399999999996,0.999999999999999
141.499999999996,0.999999999999999
141.599999999996,0.999999999999999
141.699999999996,0.999999999999999
141.799999999996,0.999999999999999
141.899999999996,0.999999999999999
141.999999999996,0.999999999999999
142.099999999996,0.999999999999999
142.199999999996,0.999999999999999
142.299999999996,0.999999999999999
142.399999999996,0.999999999999999
142.499999999996,0.999999999999999
142.599999999996,0.999999999999999
142.699999999996,0.999999999999999
142.799999999996,0.999999999999999
142.899999999996,0.999999999999999
142.999999999996,0.999999999999999
143.099999999996,0.999999999999999
143.199999999996,0.999999999999999
143.299999999996,0.999999999999999
143.399999999996,0.999999999999999
143.499999999996,0.999999999999999
143.599999999996,0.999999999999999
143.699999999996,0.999999999999999
143.799999999996,0.999999999999999
143.899999999996,0.999999999999999
143.999999999996,0.999999999999999
144.099999999996,0.999999999999999
144.199999999996,0.999999999999999
144.299999999996,0.999999999999999
144.399999999996,0.999999999999999
144.499999999996,0.999999999999999
144.599999999996,0.999999999999999
144.699999999996,0.999999999999999
144.799999999996,0.999999999999999
144.899999999996,0.999999999999999
144.999999999996,0.999999999999999
145.099999999996,0.999999999999999
145.199999999996,0.999999999999999
145.299999999996,0.999999999999999
145.399999999996,0.999999999999999
145.499999999996,0.999999999999999
145.599999999996,0.999999999999999
145.699999999996,0.999999999999999
145.799999999996,0.999999999999999
145.899999999996,0.999999999999999
145.999999999996,0.999999999999999
146.099999999996,0.999999999999999
146.199999999996,0.999999999999999
146.299999999996,0.999999999999999
146.399999999996,0.999999999999999
146.499999999996,0.999999999999999
146.599999999996,0.999999999999999
146.699999999996,0.999999999999999
146.799999999996,0.999999999999999
146.899999999996,0.999999999999999
146.999999999996,0.999999999999999
147.099999999996,0.999999999999999
147.199999999996,0.999999999999999
147.299999999996,0.999999999999999
147.399999999996,0.999999999999999
147.499999999996,0.999999999999999
147.599999999996,0.999999999999999
147.699999999996,0.999999999999999
147.799999999996,0.999999999999999
147.899999999996,0.999999999999999
147.999999999996,0.999999999999999
148.099999999996,0.999999999999999
148.199999999996,0.999999999999999
148.299999999996,0.999999999999999
148.399999999996,0.999999999999999
148.499999999996,0.999999999999999
148.599999999996,0.999999999999999
148.699999999996,0.999999999999999
148.799999999996,0.999999999999999
148.899999999996,0.999999999999999
148.999999999996,0.999999999999999
149.099999999996,0.999999999999999
149.199999999996,0.999999999999999
149.299999999996,0.999999999999999
149.399999999996,0.999999999999999
149.499999999996,0.999999999999999
149.599999999996,0.999999999999999
149.699999999996,0.999999999999999
149.799999999996,0.999999999999999
149.899999999996,0.999999999999999
149.999999999996,0.999999999999999
150.099999999996,0.999999999999999
150.199999999996,0.999999999999999
150.299999999996,0.999999999999999
150.399999999996,0.999999999999999
150.499999999996,0.999999999999999
150.599999999996,0.999999999999999
150.699999999996,0.999999999999999
150.799999999996,0.999999999999999
150.899999999996,0.999999999999999
150.999999999996,0.999999999999999
151.099999999996,0.999999999999999
151.199999999996,0.999999999999999
151.299999999996,0.999999999999999
151.399999999996,0.999999999999999
151.499999999996,0.999999999999999
151.599999999996,0.999999999999999
151.699999999996,0.999999999999999
151.799999999996,0.999999999999999
151.899999999996,0.999999999999999
151.999999999996,0.999999999999999
152.099999999996,0.999999999999999
152.199999999996,0.999999999999999
152.299999999996,0.999999999999999
152.399999999996,0.999999999999999
152.499999999996,0.999999999999999
152.599999999996,0.999999999999999
152.699999999996,0.999999999999999
152.799999999996,0.999999999999999
152.899999999996,0.999999999999999
152.999999999996,0.999999999999999
153.099999999996,0.999999999999999
153.199999999996,0.999999999999999
153.299999999996,0.999999999999999
153.399999999996,0.999999999999999
153.499999999996,0.999999999999999
153.599999999996,0.999999999999999
153.699999999996,0.999999999999999
153.799999999996,0.999999999999999
153.899999999996,0.999999999999999
153.999999999996,0.999999999999999
154.099999999996,0.999999999999999
154.199999999996,0.999999999999999
154.299999999996,0.999999999999999
154.399999999996,0.999999999999999
154.499999999996,0.999999999999999
154.599999999996,0.999999999999999
154.699999999995,0.999999999999999
154.799999999995,0.999999999999999
154.899999999995,0.999999999999999
154.999999999995,0.999999999999999
155.099999999995,0.999999999999999
155.199999999995,0.999999999999999
155.299999999995,0.999999999999999
155.399999999995,0.999999999999999
155.499999999995,0.999999999999999
155.599999999995,0.999999999999999
155.699999999995,0.999999999999999
155.799999999995,0.999999999999999
155.899999999995,0.999999999999999
155.999999999995,0.999999999999999
156.099999999995,0.999999999999999
156.199999999995,0.999999999999999
156.299999999995,0.999999999999999
156.399999999995,0.999999999999999
156.499999999995,0.999999999999999
156.599999999995,0.999999999999999
156.699999999995,0.999999999999999
156.799999999995,0.999999999999999
156.899999999995,0.999999999999999
156.999999999995,0.999999999999999
157.099999999995,0.999999999999999
157.199999999995,0.999999999999999
157.299999999995,0.999999999999999
157.399999999995,0.999999999999999
157.499999999995,0.999999999999999
157.599999999995,0.999999999999999
157.699999999995,0.999999999999999
157.799999999995,0.999999999999999
157.899999999995,0.999999999999999
157.999999999995,0.999999999999999
158.099999999995,0.999999999999999
158.199999999995,0.999999999999999
158.299999999995,0.999999999999999
158.399999999995,0.999999999999999
158.499999999995,0.999999999999999
158.599999999995,0.999999999999999
158.699999999995,0.999999999999999
158.799999999995,0.999999999999999
158.899999999995,0.999999999999999
158.999999999995,0.999999999999999
159.099999999995,0.999999999999999
159.199999999995,0.999999999999999
159.299999999995,0.999999999999999
159.399999999995,0.999999999999999
159.499999999995,0.999999999999999
159.599999999995,0.999999999999999
159.699999999995,0.999999999999999
159.799999999995,0.999999999999999
159.899999999995,0.999999999999999
159.999999999995,0.999999999999999
160.099999999995,0.999999999999999
160.199999999995,0.999999999999999
160.299999999995,0.999999999999999
160.399999999995,0.999999999999999
160.499999999995,0.999999999999999
160.599999999995,0.999999999999999
160.699999999995,0.999999999999999
160.799999999995,0.999999999999999
160.899999999995,0.999999999999999
160.999999999995,0.999999999999999
161.099999999995,0.999999999999999
161.199999999995,0.999999999999999
161.299999999995,0.999999999999999
161.399999999995,0.999999999999999
161.499999999995,0.999999999999999
161.599999999995,0.999999999999999
161.699999999995,0.999999999999999
161.799999999995,0.999999999999999
161.899999999995,0.999999999999999
161.999999999995,0.999999999999999
162.099999999995,0.999999999999999
162.199999999995,0.999999999999999
162.299999999995,0.999999999999999
162.399999999995,0.999999999999999
162.499999999995,0.999999999999999
162.599999999995,0.999999999999999
162.699999999995,0.999999999999999
162.799999999995,0.999999999999999
162.899999999995,0.999999999999999
162.999999999995,0.999999999999999
163.099999999995,0.999999999999999
163.199999999995,0.999999999999999
163.299999999995,0.999999999999999
163.399999999995,0.999999999999999
163.499999999995,0.999999999999999
163.599999999995,0.999999999999999
163.699999999995,0.999999999999999
163.799999999995,0.999999999999999
163.899999999995,0.999999999999999
163.999999999995,0.999999999999999
164.099999999995,0.999999999999999
164.199999999995,0.999999999999999
164.299999999995,0.999999999999999
164.399999999995,0.999999999999999
164.499999999995,0.999999999999999
164.599999999995,0.999999999999999
164.699999999995,0.999999999999999
164.799999999995,0.999999999999999
164.899999999995,0.999999999999999
164.999999999995,0.999999999999999
165.099999999995,0.999999999999999
165.199999999995,0.999999999999999
165.299999999995,0.999999999999999
165.399999999995,0.999999999999999
165.499999999995,0.999999999999999
165.599999999995,0.999999999999999
165.699999999995,0.999999999999999
165.799999999995,0.999999999999999
165.899999999995,0.999999999999999
165.999999999995,0.999999999999999
166.099999999995,0.999999999999999
166.199999999995,0.999999999999999
166.299999999995,0.999999999999999
166.399999999995,0.999999999999999
166.499999999995,0.999999999999999
166.599999999995,0.999999999999999
166.699999999995,0.999999999999999
166.799999999995,0.999999999999999
166.899999999995,0.999999999999999
166.999999999995,0.999999999999999
167.099999999995,0.999999999999999
167.199999999995,0.999999999999999
167.299999999995,0.999999999999999
167.399999999995,0.999999999999999
167.499999999995,0.999999999999999
167.599999999995,0.999999999999999
167.699999999995,0.999999999999999
167.799999999995,0.999999999999999
167.899999999995,0.999999999999999
167.999999999995,0.999999999999999
168.099999999995,0.999999999999999
168.199999999995,0.999999999999999
168.299999999995,0.999999999999999
168.399999999995,0.999999999999999
168.499999999995,0.999999999999999
168.599999999995,0.999999999999999
168.699999999995,0.999999999999999
168.799999999995,0.999999999999999
168.899999999995,0.999999999999999
168.999999999995,0.999999999999999
169.099999999995,0.999999999999999
169.199999999995,0.999999999999999
169.299999999995,0.999999999999999
169.399999999995,0.999999999999999
169.499999999995,0.999999999999999
169.599999999995,0.999999999999999
169.699999999995,0.999999999999999
169.799999999995,0.999999999999999
169.899999999995,0.999999999999999
169.999999999995,0.999999999999999
170.099999999995,0.999999999999999
170.199999999995,0.999999999999999
170.299999999995,0.999999999999999
170.399999999995,0.999999999999999
170.499999999995,0.999999999999999
170.599999999995,0.999999999999999
170.699999999995,0.999999999999999
170.799999999995,0.999999999999999
170.899999999995,0.999999999999999
170.999999999995,0.999999999999999
171.099999999995,0.999999999999999
171.199999999995,0.999999999999999
171.299999999995,0.999999999999999
171.399999999995,0.999999999999999
171.499999999995,0.999999999999999
171.599999999995,0.999999999999999
171.699999999995,0.999999999999999
171.799999999995,0.999999999999999
171.899999999995,0.999999999999999
171.999999999995,0.999999999999999
172.099999999995,0.999999999999999
172.199999999995,0.999999999999999
172.299999999994,0.999999999999999
172.399999999994,0.999999999999999
172.499999999994,0.999999999999999
172.599999999994,0.999999999999999
172.699999999994,0.999999999999999
172.799999999994,0.999999999999999
172.899999999994,0.999999999999999
172.999999999994,0.999999999999999
173.099999999994,0.999999999999999
173.199999999994,0.999999999999999
173.299999999994,0.999999999999999
173.399999999994,0.999999999999999
173.499999999994,0.999999999999999
173.599999999994,0.999999999999999
173.699999999994,0.999999999999999
173.799999999994,0.999999999999999
173.899999999994,0.999999999999999
173.999999999994,0.999999999999999
174.099999999994,0.999999999999999
174.199999999994,0.999999999999999
174.299999999994,0.999999999999999
174.399999999994,0.999999999999999
174.499999999994,0.999999999999999
174.599999999994,0.999999999999999
174.699999999994,0.999999999999999
174.799999999994,0.999999999999999
174.899999999994,0.999999999999999
174.999999999994,0.999999999999999
175.099999999994,0.999999999999999
175.199999999994,0.999999999999999
175.299999999994,0.999999999999999
175.399999999994,0.999999999999999
175.499999999994,0.999999999999999
175.599999999994,0.999999999999999
175.699999999994,0.999999999999999
175.799999999994,0.999999999999999
175.899999999994,0.999999999999999
175.999999999994,0.999999999999999
176.099999999994,0.999999999999999
176.199999999994,0.999999999999999
176.299999999994,0.999999999999999
176.399999999994,0.999999999999999
176.499999999994,0.999999999999999
176.599999999994,0.999999999999999
176.699999999994,0.999999999999999
176.799999999994,0.999999999999999
176.899999999994,0.999999999999999
176.999999999994,0.999999999999999
177.099999999994,0.999999999999999
177.199999999994,0.999999999999999
177.299999999994,0.999999999999999
177.399999999994,0.999999999999999
177.499999999994,0.999999999999999
177.599999999994,0.999999999999999
177.699999999994,0.999999999999999
177.799999999994,0.999999999999999
177.899999999994,0.999999999999999
177.999999999994,0.999999999999999
178.099999999994,0.999999999999999
178.199999999994,0.999999999999999
178.299999999994,0.999999999999999
178.399999999994,0.999999999999999
178.499999999994,0.999999999999999
178.599999999994,0.999999999999999
178.699999999994,0.999999999999999
178.799999999994,0.999999999999999
178.899999999994,0.999999999999999
178.999999999994,0.999999999999999
179.099999999994,0.999999999999999
179.199999999994,0.999999999999999
179.299999999994,0.999999999999999
179.399999999994,0.999999999999999
179.499999999994,0.999999999999999
179.599999999994,0.999999999999999
179.699999999994,0.999999999999999
179.799999999994,0.999999999999999
179.899999999994,0.999999999999999
179.999999999994,0.999999999999999
180.099999999994,0.999999999999999
180.199999999994,0.999999999999999
180.299999999994,0.999999999999999
180.399999999994,0.999999999999999
180.499999999994,0.999999999999999
180.599999999994,0.999999999999999
180.699999999994,0.999999999999999
180.799999999994,0.999999999999999
180.899999999994,0.999999999999999
180.999999999994,0.999999999999999
181.099999999994,0.999999999999999
181.199999999994,0.999999999999999
181.299999999994,0.999999999999999
181.399999999994,0.999999999999999
181.499999999994,0.999999999999999
181.599999999994,0.999999999999999
181.699999999994,0.999999999999999
181.799999999994,0.999999999999999
181.899999999994,0.999999999999999
181.999999999994,0.999999999999999
182.099999999994,0.999999999999999
182.199999999994,0.999999999999999
182.299999999994,0.999999999999999
182.399999999994,0.999999999999999
182.499999999994,0.999999999999999
182.599999999994,0.999999999999999
182.699999999994,0.999999999999999
182.799999999994,0.999999999999999
182.899999999994,0.999999999999999
182.999999999994,0.999999999999999
183.099999999994,0.999999999999999
183.199999999994,0.999999999999999
183.299999999994,0.999999999999999
183.399999999994,0.999999999999999
183.499999999994,0.999999999999999
183.599999999994,0.999999999999999
183.699999999994,0.999999999999999
183.799999999994,0.999999999999999
183.899999999994,0.999999999999999
183.999999999994,0.999999999999999
184.099999999994,0.999999999999999
184.199999999994,0.999999999999999
184.299999999994,0.999999999999999
184.399999999994,0.999999999999999
184.499999999994,0.999999999999999
184.599999999994,0.999999999999999
184.699999999994,0.999999999999999
184.799999999994,0.999999999999999
184.899999999994,0.999999999999999
184.999999999994,0.999999999999999
185.099999999994,0.999999999999999
185.199999999994,0.999999999999999
185.299999999994,0.999999999999999
185.399999999994,0.999999999999999
185.499999999994,0.999999999999999
185.599999999994,0.999999999999999
185.699999999994,0.999999999999999
185.799999999994,0.999999999999999
185.899999999994,0.999999999999999
185.999999999994,0.999999999999999
186.099999999994,0.999999999999999
186.199999999994,0.999999999999999
186.299999999994,0.999999999999999
186.399999999994,0.999999999999999
186.499999999994,0.999999999999999
186.599999999994,0.999999999999999
186.699999999994,0.999999999999999
186.799999999994,0.999999999999999
186.899999999994,0.999999999999999
186.999999999994,0.999999999999999
187.099999999994,0.999999999999999
187.199999999994,0.999999999999999
187.299999999994,0.999999999999999
187.399999999994,0.999999999999999
187.499999999994,0.999999999999999
187.599999999994,0.999999999999999
187.699999999994,0.999999999999999
187.799999999994,0.999999999999999
187.899999999994,0.999999999999999
187.999999999994,0.999999999999999
188.099999999994,0.999999999999999
188.199999999994,0.999999999999999
188.299999999994,0.999999999999999
188.399999999994,0.999999999999999
188.499999999994,0.999999999999999
188.599999999994,0.999999999999999
188.699999999994,0.999999999999999
188.799999999994,0.999999999999999
188.899999999994,0.999999999999999
188.999999999994,0.999999999999999
189.099999999994,0.999999999999999
189.199999999994,0.999999999999999
189.299999999994,0.999999999999999
189.399999999994,0.999999999999999
189.499999999994,0.999999999999999
189.599999999994,0.999999999999999
189.699999999994,0.999999999999999
189.799999999994,0.999999999999999
189.899999999993,0.999999999999999
189.999999999993,0.999999999999999
190.099999999993,0.999999999999999
190.199999999993,0.999999999999999
190.299999999993,0.999999999999999
190.399999999993,0.999999999999999
190.499999999993,0.999999999999999
190.599999999993,0.999999999999999
190.699999999993,0.999999999999999
190.799999999993,0.999999999999999
190.899999999993,0.999999999999999
190.999999999993,0.999999999999999
191.099999999993,0.999999999999999
191.199999999993,0.999999999999999
191.299999999993,0.999999999999999
191.399999999993,0.999999999999999
191.499999999993,0.999999999999999
191.599999999993,0.999999999999999
191.699999999993,0.999999999999999
191.799999999993,0.999999999999999
191.899999999993,0.999999999999999
191.999999999993,0.999999999999999
192.099999999993,0.999999999999999
192.199999999993,0.999999999999999
192.299999999993,0.999999999999999
192.399999999993,0.999999999999999
192.499999999993,0.999999999999999
192.599999999993,0.999999999999999
192.699999999993,0.999999999999999
192.799999999993,0.999999999999999
192.899999999993,0.999999999999999
192.999999999993,0.999999999999999
193.099999999993,0.999999999999999
193.199999999993,0.999999999999999
193.299999999993,0.999999999999999
193.399999999993,0.999999999999999
193.499999999993,0.999999999999999
193.599999999993,0.999999999999999
193.699999999993,0.999999999999999
193.799999999993,0.999999999999999
193.899999999993,0.999999999999999
193.999999999993,0.999999999999999
194.099999999993,0.999999999999999
194.199999999993,0.999999999999999
194.299999999993,0.999999999999999
194.399999999993,0.999999999999999
194.499999999993,0.999999999999999
194.599999999993,0.999999999999999
194.699999999993,0.999999999999999
194.799999999993,0.999999999999999
194.899999999993,0.999999999999999
194.999999999993,0.999999999999999
195.099999999993,0.999999999999999
195.199999999993,0.999999999999999
195.299999999993,0.999999999999999
195.399999999993,0.999999999999999
195.499999999993,0.999999999999999
195.599999999993,0.999999999999999
195.699999999993,0.999999999999999
195.799999999993,0.999999999999999
195.899999999993,0.999999999999999
195.999999999993,0.999999999999999
196.099999999993,0.999999999999999
196.199999999993,0.999999999999999
196.299999999993,0.999999999999999
196.399999999993,0.999999999999999
196.499999999993,0.999999999999999
196.599999999993,0.999999999999999
196.699999999993,0.999999999999999
196.799999999993,0.999999999999999
196.899999999993,0.999999999999999
196.999999999993,0.999999999999999
197.099999999993,0.999999999999999
197.199999999993,0.999999999999999
197.299999999993,0.999999999999999
197.399999999993,0.999999999999999
197.499999999993,0.999999999999999
197.599999999993,0.999999999999999
197.699999999993,0.999999999999999
197.799999999993,0.999999999999999
197.899999999993,0.999999999999999
197.999999999993,0.999999999999999
198.099999999993,0.999999999999999
198.199999999993,0.999999999999999
198.299999999993,0.999999999999999
198.399999999993,0.999999999999999
198.499999999993,0.999999999999999
198.599999999993,0.999999999999999
198.699999999993,0.999999999999999
198.799999999993,0.999999999999999
198.899999999993,0.999999999999999
198.999999999993,0.999999999999999
199.099999999993,0.999999999999999
199.199999999993,0.999999999999999
199.299999999993,0.999999999999999
199.399999999993,0.999999999999999
199.499999999993,0.999999999999999
199.599999999993,0.999999999999999
199.699999999993,0.999999999999999
199.799999999993,0.999999999999999
199.899999999993,0.999999999999999
199.999999999993,0.999999999999999
200.099999999993,0.999999999999999
200.199999999993,0.999999999999999
200.299999999993,0.999999999999999
200.399999999993,0.999999999999999
200.499999999993,0.999999999999999
200.599999999993,0.999999999999999
200.699999999993,0.999999999999999
200.799999999993,0.999999999999999
200.899999999993,0.999999999999999
200.999999999993,0.999999999999999
201.099999999993,0.999999999999999
201.199999999993,0.999999999999999
201.299999999993,0.999999999999999
201.399999999993,0.999999999999999
201.499999999993,0.999999999999999
201.599999999993,0.999999999999999
201.699999999993,0.999999999999999
201.799999999993,0.999999999999999
201.899999999993,0.999999999999999
201.999999999993,0.999999999999999
202.099999999993,0.999999999999999
202.199999999993,0.999999999999999
202.299999999993,0.999999999999999
202.399999999993,0.999999999999999
202.499999999993,0.999999999999999
202.599999999993,0.999999999999999
202.699999999993,0.999999999999999
202.799999999993,0.999999999999999
202.899999999993,0.999999999999999
202.999999999993,0.999999999999999
203.099999999993,0.999999999999999
203.199999999993,0.999999999999999
203.299999999993,0.999999999999999
203.399999999993,0.999999999999999
203.499999999993,0.999999999999999
203.599999999993,0.999999999999999
203.699999999993,0.999999999999999
203.799999999993,0.999999999999999
203.899999999993,0.999999999999999
203.999999999993,0.999999999999999
204.099999999993,0.999999999999999
204.199999999993,0.999999999999999
204.299999999993,0.999999999999999
204.399999999993,0.999999999999999
204.499999999993,0.999999999999999
204.599999999993,0.999999999999999
204.699999999993,0.999999999999999
204.799999999993,0.999999999999999
204.899999999993,0.999999999999999
204.999999999993,0.999999999999999
205.099999999993,0.999999999999999
205.199999999993,0.999999999999999
205.299999999993,0.999999999999999
205.399999999993,0.999999999999999
205.499999999993,0.999999999999999
205.599999999993,0.999999999999999
205.699999999993,0.999999999999999
205.799999999993,0.999999999999999
205.899999999993,0.999999999999999
205.999999999993,0.999999999999999
206.099999999993,0.999999999999999
206.199999999993,0.999999999999999
206.299999999993,0.999999999999999
206.399999999993,0.999999999999999
206.499999999993,0.999999999999999
206.599999999993,0.999999999999999
206.699999999993,0.999999999999999
206.799999999993,0.999999999999999
206.899999999993,0.999999999999999
206.999999999993,0.999999999999999
207.099999999993,0.999999999999999
207.199999999993,0.999999999999999
207.299999999993,0.999999999999999
207.399999999993,0.999999999999999
207.499999999992,0.999999999999999
207.599999999992,0.999999999999999
207.699999999992,0.999999999999999
207.799999999992,0.999999999999999
207.899999999992,0.999999999999999
207.999999999992,0.999999999999999
208.099999999992,0.999999999999999
208.199999999992,0.999999999999999
208.299999999992,0.999999999999999
208.399999999992,0.999999999999999
208.499999999992,0.999999999999999
208.599999999992,0.999999999999999
208.699999999992,0.999999999999999
208.799999999992,0.999999999999999
208.899999999992,0.999999999999999
208.999999999992,0.999999999999999
209.099999999992,0.999999999999999
209.199999999992,0.999999999999999
209.299999999992,0.999999999999999
209.399999999992,0.999999999999999
209.499999999992,0.999999999999999
209.599999999992,0.999999999999999
209.699999999992,0.999999999999999
209.799999999992,0.999999999999999
209.899999999992,0.999999999999999
209.999999999992,0.999999999999999
210.099999999992,0.999999999999999
210.199999999992,0.999999999999999
210.299999999992,0.999999999999999
210.399999999992,0.999999999999999
210.499999999992,0.999999999999999
210.599999999992,0.999999999999999
210.699999999992,0.999999999999999
210.799999999992,0.999999999999999
210.899999999992,0.999999999999999
210.999999999992,0.999999999999999
211.099999999992,0.999999999999999
211.199999999992,0.999999999999999
211.299999999992,0.999999999999999
211.399999999992,0.999999999999999
211.499999999992,0.999999999999999
211.599999999992,0.999999999999999
211.699999999992,0.999999999999999
211.799999999992,0.999999999999999
211.899999999992,0.999999999999999
211.999999999992,0.999999999999999
212.099999999992,0.999999999999999
212.199999999992,0.999999999999999
212.299999999992,0.999999999999999
212.399999999992,0.999999999999999
212.499999999992,0.999999999999999
212.599999999992,0.999999999999999
212.699999999992,0.999999999999999
212.799999999992,0.999999999999999
212.899999999992,0.999999999999999
212.999999999992,0.999999999999999
213.099999999992,0.999999999999999
213.199999999992,0.999999999999999
213.299999999992,0.999999999999999
213.399999999992,0.999999999999999
213.499999999992,0.999999999999999
213.599999999992,0.999999999999999
213.699999999992,0.999999999999999
213.799999999992,0.999999999999999
213.899999999992,0.999999999999999
213.999999999992,0.999999999999999
214.099999999992,0.999999999999999
214.199999999992,0.999999999999999
214.299999999992,0.999999999999999
214.399999999992,0.999999999999999
214.499999999992,0.999999999999999
214.599999999992,0.999999999999999
214.699999999992,0.999999999999999
214.799999999992,0.999999999999999
214.899999999992,0.999999999999999
214.999999999992,0.999999999999999
215.099999999992,0.999999999999999
215.199999999992,0.999999999999999
215.299999999992,0.999999999999999
215.399999999992,0.999999999999999
215.499999999992,0.999999999999999
215.599999999992,0.999999999999999
215.699999999992,0.999999999999999
215.799999999992,0.999999999999999
215.899999999992,0.999999999999999
215.999999999992,0.999999999999999
216.099999999992,0.999999999999999
216.199999999992,0.999999999999999
216.299999999992,0.999999999999999
216.399999999992,0.999999999999999
216.499999999992,0.999999999999999
216.599999999992,0.999999999999999
216.699999999992,0.999999999999999
216.799999999992,0.999999999999999
216.899999999992,0.999999999999999
216.999999999992,0.999999999999999
217.099999999992,0.999999999999999
217.199999999992,0.999999999999999
217.299999999992,0.999999999999999
217.399999999992,0.999999999999999
217.499999999992,0.999999999999999
217.599999999992,0.999999999999999
217.699999999992,0.999999999999999
217.799999999992,0.999999999999999
217.899999999992,0.999999999999999
217.999999999992,0.999999999999999
218.099999999992,0.999999999999999
218.199999999992,0.999999999999999
218.299999999992,0.999999999999999
218.399999999992,0.999999999999999
218.499999999992,0.999999999999999
218.599999999992,0.999999999999999
218.699999999992,0.999999999999999
218.799999999992,0.999999999999999
218.899999999992,0.999999999999999
218.999999999992,0.999999999999999
219.099999999992,0.999999999999999
219.199999999992,0.999999999999999
219.299999999992,0.999999999999999
219.399999999992,0.999999999999999
219.499999999992,0.999999999999999
219.599999999992,0.999999999999999
219.699999999992,0.999999999999999
219.799999999992,0.999999999999999
219.899999999992,0.999999999999999
219.999999999992,0.999999999999999
220.099999999992,0.999999999999999
220.199999999992,0.999999999999999
220.299999999992,0.999999999999999
220.399999999992,0.999999999999999
220.499999999992,0.999999999999999
220.599999999992,0.999999999999999
220.699999999992,0.999999999999999
220.799999999992,0.999999999999999
220.899999999992,0.999999999999999
220.999999999992,0.999999999999999
221.099999999992,0.999999999999999
221.199999999992,0.999999999999999
221.299999999992,0.999999999999999
221.399999999992,0.999999999999999
221.499999999992,0.999999999999999
221.599999999992,0.999999999999999
221.699999999992,0.999999999999999
221.799999999992,0.999999999999999
221.899999999992,0.999999999999999
221.999999999992,0.999999999999999
222.099999999992,0.999999999999999
222.199999999992,0.999999999999999
222.299999999992,0.999999999999999
222.399999999992,0.999999999999999
222.499999999992,0.999999999999999
222.599999999992,0.999999999999999
222.699999999992,0.999999999999999
222.799999999992,0.999999999999999
222.899999999992,0.999999999999999
222.999999999992,0.999999999999999
223.099999999992,0.999999999999999
223.199999999992,0.999999999999999
223.299999999992,0.999999999999999
223.399999999992,0.999999999999999
223.499999999992,0.999999999999999
223.599999999992,0.999999999999999
223.699999999992,0.999999999999999
223.799999999992,0.999999999999999
223.899999999992,0.999999999999999
223.999999999992,0.999999999999999
224.099999999992,0.999999999999999
224.199999999992,0.999999999999999
224.299999999992,0.999999999999999
224.399999999992,0.999999999999999
224.499999999992,0.999999999999999
224.599999999992,0.999999999999999
224.699999999992,0.999999999999999
224.799999999992,0.999999999999999
224.899999999992,0.999999999999999
224.999999999992,0.999999999999999
225.099999999991,0.999999999999999
225.199999999991,0.999999999999999
225.299999999991,0.999999999999999
225.399999999991,0.999999999999999
225.499999999991,0.999999999999999
225.599999999991,0.999999999999999
225.699999999991,0.999999999999999
225.799999999991,0.999999999999999
225.899999999991,0.999999999999999
225.999999999991,0.999999999999999
226.099999999991,0.999999999999999
226.199999999991,0.999999999999999
226.299999999991,0.999999999999999
226.399999999991,0.999999999999999
226.499999999991,0.999999999999999
226.599999999991,0.999999999999999
226.699999999991,0.999999999999999
226.799999999991,0.999999999999999
226.899999999991,0.999999999999999
226.999999999991,0.999999999999999
227.099999999991,0.999999999999999
227.199999999991,0.999999999999999
227.299999999991,0.999999999999999
227.399999999991,0.999999999999999
227.499999999991,0.999999999999999
227.599999999991,0.999999999999999
227.699999999991,0.999999999999999
227.799999999991,0.999999999999999
227.899999999991,0.999999999999999
227.999999999991,0.999999999999999
228.099999999991,0.999999999999999
228.199999999991,0.999999999999999
228.299999999991,0.999999999999999
228.399999999991,0.999999999999999
228.499999999991,0.999999999999999
228.599999999991,0.999999999999999
228.699999999991,0.999999999999999
228.799999999991,0.999999999999999
228.899999999991,0.999999999999999
228.999999999991,0.999999999999999
229.099999999991,0.999999999999999
229.199999999991,0.999999999999999
229.299999999991,0.999999999999999
229.399999999991,0.999999999999999
229.499999999991,0.999999999999999
229.599999999991,0.999999999999999
229.699999999991,0.999999999999999
229.799999999991,0.999999999999999
229.899999999991,0.999999999999999
229.999999999991,0.999999999999999
230.099999999991,0.999999999999999
230.199999999991,0.999999999999999
230.299999999991,0.999999999999999
230.399999999991,0.999999999999999
230.499999999991,0.999999999999999
230.599999999991,0.999999999999999
230.699999999991,0.999999999999999
230.799999999991,0.999999999999999
230.899999999991,0.999999999999999
230.999999999991,0.999999999999999
231.099999999991,0.999999999999999
231.199999999991,0.999999999999999
231.299999999991,0.999999999999999
231.399999999991,0.999999999999999
231.499999999991,0.999999999999999
231.599999999991,0.999999999999999
231.699999999991,0.999999999999999
231.799999999991,0.999999999999999
231.899999999991,0.999999999999999
231.999999999991,0.999999999999999
232.099999999991,0.999999999999999
232.199999999991,0.999999999999999
232.299999999991,0.999999999999999
232.399999999991,0.999999999999999
232.499999999991,0.999999999999999
232.599999999991,0.999999999999999
232.699999999991,0.999999999999999
232.799999999991,0.999999999999999
232.899999999991,0.999999999999999
232.999999999991,0.999999999999999
233.099999999991,0.999999999999999
233.199999999991,0.999999999999999
233.299999999991,0.999999999999999
233.399999999991,0.999999999999999
233.499999999991,0.999999999999999
233.599999999991,0.999999999999999
233.699999999991,0.999999999999999
233.799999999991,0.999999999999999
233.899999999991,0.999999999999999
233.999999999991,0.999999999999999
234.099999999991,0.999999999999999
234.199999999991,0.999999999999999
234.299999999991,0.999999999999999
234.399999999991,0.999999999999999
234.499999999991,0.999999999999999
234.599999999991,0.999999999999999
234.699999999991,0.999999999999999
234.799999999991,0.999999999999999
234.899999999991,0.999999999999999
234.999999999991,0.999999999999999
235.099999999991,0.999999999999999
235.199999999991,0.999999999999999
235.299999999991,0.999999999999999
235.399999999991,0.999999999999999
235.499999999991,0.999999999999999
235.599999999991,0.999999999999999
235.699999999991,0.999999999999999
235.799999999991,0.999999999999999
235.899999999991,0.999999999999999
235.999999999991,0.999999999999999
236.099999999991,0.999999999999999
236.199999999991,0.999999999999999
236.299999999991,0.999999999999999
236.399999999991,0.999999999999999
236.499999999991,0.999999999999999
236.599999999991,0.999999999999999
236.699999999991,0.999999999999999
236.799999999991,0.999999999999999
236.899999999991,0.999999999999999
236.999999999991,0.999999999999999
237.099999999991,0.999999999999999
237.199999999991,0.999999999999999
237.299999999991,0.999999999999999
237.399999999991,0.999999999999999
237.499999999991,0.999999999999999
237.599999999991,0.999999999999999
237.699999999991,0.999999999999999
237.799999999991,0.999999999999999
237.899999999991,0.999999999999999
237.999999999991,0.999999999999999
238.099999999991,0.999999999999999
238.199999999991,0.999999999999999
238.299999999991,0.999999999999999
238.399999999991,0.999999999999999
238.499999999991,0.999999999999999
238.599999999991,0.999999999999999
238.699999999991,0.999999999999999
238.799999999991,0.999999999999999
238.899999999991,0.999999999999999
238.999999999991,0.999999999999999
239.099999999991,0.999999999999999
239.199999999991,0.999999999999999
239.299999999991,0.999999999999999
239.399999999991,0.999999999999999
239.499999999991,0.999999999999999
239.599999999991,0.999999999999999
239.699999999991,0.999999999999999
239.799999999991,0.999999999999999
239.899999999991,0.999999999999999
239.999999999991,0.999999999999999
240.099999999991,0.999999999999999
240.199999999991,0.999999999999999
240.299999999991,0.999999999999999
240.399999999991,0.999999999999999
240.499999999991,0.999999999999999
240.599999999991,0.999999999999999
240.699999999991,0.999999999999999
240.799999999991,0.999999999999999
240.899999999991,0.999999999999999
240.999999999991,0.999999999999999
241.099999999991,0.999999999999999
241.199999999991,0.999999999999999
241.299999999991,0.999999999999999
241.399999999991,0.999999999999999
241.499999999991,0.999999999999999
241.599999999991,0.999999999999999
241.699999999991,0.999999999999999
241.799999999991,0.999999999999999
241.899999999991,0.999999999999999
241.999999999991,0.999999999999999
242.099999999991,0.999999999999999
242.199999999991,0.999999999999999
242.299999999991,0.999999999999999
242.399999999991,0.999999999999999
242.499999999991,0.999999999999999
242.599999999991,0.999999999999999
242.69999999999,0.999999999999999
242.79999999999,0.999999999999999
242.89999999999,0.999999999999999
242.99999999999,0.999999999999999
243.09999999999,0.999999999999999
243.19999999999,0.999999999999999
243.29999999999,0.999999999999999
243.39999999999,0.999999999999999
243.49999999999,0.999999999999999
243.59999999999,0.999999999999999
243.69999999999,0.999999999999999
243.79999999999,0.999999999999999
243.89999999999,0.999999999999999
243.99999999999,0.999999999999999
244.09999999999,0.999999999999999
244.19999999999,0.999999999999999
244.29999999999,0.999999999999999
244.39999999999,0.999999999999999
244.49999999999,0.999999999999999
244.59999999999,0.999999999999999
244.69999999999,0.999999999999999
244.79999999999,0.999999999999999
244.89999999999,0.999999999999999
244.99999999999,0.999999999999999
245.09999999999,0.999999999999999
245.19999999999,0.999999999999999
245.29999999999,0.999999999999999
245.39999999999,0.999999999999999
245.49999999999,0.999999999999999
245.59999999999,0.999999999999999
245.69999999999,0.999999999999999
245.79999999999,0.999999999999999
245.89999999999,0.999999999999999
245.99999999999,0.999999999999999
246.09999999999,0.999999999999999
246.19999999999,0.999999999999999
246.29999999999,0.999999999999999
246.39999999999,0.999999999999999
246.49999999999,0.999999999999999
246.59999999999,0.999999999999999
246.69999999999,0.999999999999999
246.79999999999,0.999999999999999
246.89999999999,0.999999999999999
246.99999999999,0.999999999999999
247.09999999999,0.999999999999999
247.19999999999,0.999999999999999
247.29999999999,0.999999999999999
247.39999999999,0.999999999999999
247.49999999999,0.999999999999999
247.59999999999,0.999999999999999
247.69999999999,0.999999999999999
247.79999999999,0.999999999999999
247.89999999999,0.999999999999999
247.99999999999,0.999999999999999
248.09999999999,0.999999999999999
248.19999999999,0.999999999999999
248.29999999999,0.999999999999999
248.39999999999,0.999999999999999
248.49999999999,0.999999999999999
248.59999999999,0.999999999999999
248.69999999999,0.999999999999999
248.79999999999,0.999999999999999
248.89999999999,0.999999999999999
248.99999999999,0.999999999999999
249.09999999999,0.999999999999999
249.19999999999,0.999999999999999
249.29999999999,0.999999999999999
249.39999999999,0.999999999999999
249.49999999999,0.999999999999999
249.59999999999,0.999999999999999
249.69999999999,0.999999999999999
249.79999999999,0.999999999999999
249.89999999999,0.999999999999999
249.99999999999,0.999999999999999
250.09999999999,0.999999999999999
250.19999999999,0.999999999999999
250.29999999999,0.999999999999999
250.39999999999,0.999999999999999
250.49999999999,0.999999999999999
250.59999999999,0.999999999999999
250.69999999999,0.999999999999999
250.79999999999,0.999999999999999
250.89999999999,0.999999999999999
250.99999999999,0.999999999999999
251.09999999999,0.999999999999999
251.19999999999,0.999999999999999
251.29999999999,0.999999999999999
251.39999999999,0.999999999999999
251.49999999999,0.999999999999999
251.59999999999,0.999999999999999
251.69999999999,0.999999999999999
251.79999999999,0.999999999999999
251.89999999999,0.999999999999999
251.99999999999,0.999999999999999
252.09999999999,0.999999999999999
252.19999999999,0.999999999999999
252.29999999999,0.999999999999999
252.39999999999,0.999999999999999
252.49999999999,0.999999999999999
252.59999999999,0.999999999999999
252.69999999999,0.999999999999999
252.79999999999,0.999999999999999
252.89999999999,0.999999999999999
252.99999999999,0.999999999999999
253.09999999999,0.999999999999999
253.19999999999,0.999999999999999
253.29999999999,0.999999999999999
253.39999999999,0.999999999999999
253.49999999999,0.999999999999999
253.59999999999,0.999999999999999
253.69999999999,0.999999999999999
253.79999999999,0.999999999999999
253.89999999999,0.999999999999999
253.99999999999,0.999999999999999
254.09999999999,0.999999999999999
254.19999999999,0.999999999999999
254.29999999999,0.999999999999999
254.39999999999,0.999999999999999
254.49999999999,0.999999999999999
254.59999999999,0.999999999999999
254.69999999999,0.999999999999999
254.79999999999,0.999999999999999
254.89999999999,0.999999999999999
254.99999999999,0.999999999999999
255.09999999999,0.999999999999999
255.19999999999,0.999999999999999
255.29999999999,0.999999999999999
255.39999999999,0.999999999999999
255.49999999999,0.999999999999999
255.59999999999,0.999999999999999
255.69999999999,0.999999999999999
255.79999999999,0.999999999999999
255.89999999999,0.999999999999999
255.99999999999,0.999999999999999
256.09999999999,0.999999999999999
256.19999999999,0.999999999999999
256.29999999999,0.999999999999999
256.39999999999,0.999999999999999
256.49999999999,0.999999999999999
256.59999999999,0.999999999999999
256.69999999999,0.999999999999999
256.79999999999,0.999999999999999
256.89999999999,0.999999999999999
256.99999999999,0.999999999999999
257.09999999999,0.999999999999999
257.19999999999,0.999999999999999
257.29999999999,0.999999999999999
257.39999999999,0.999999999999999
257.49999999999,0.999999999999999
257.59999999999,0.999999999999999
257.69999999999,0.999999999999999
257.79999999999,0.999999999999999
257.89999999999,0.999999999999999
257.99999999999,0.999999999999999
258.09999999999,0.999999999999999
258.19999999999,0.999999999999999
258.29999999999,0.999999999999999
258.39999999999,0.999999999999999
258.49999999999,0.999999999999999
258.59999999999,0.999999999999999
258.69999999999,0.999999999999999
258.79999999999,0.999999999999999
258.89999999999,0.999999999999999
258.99999999999,0.999999999999999
259.09999999999,0.999999999999999
259.19999999999,0.999999999999999
259.29999999999,0.999999999999999
259.39999999999,0.999999999999999
259.499999999991,0.999999999999999
259.599999999991,0.999999999999999
259.699999999991,0.999999999999999
259.799999999991,0.999999999999999
259.899999999991,0.999999999999999
259.999999999991,0.999999999999999
260.099999999991,0.999999999999999
260.199999999991,0.999999999999999
260.299999999991,0.999999999999999
260.399999999991,0.999999999999999
260.499999999991,0.999999999999999
260.599999999991,0.999999999999999
260.699999999991,0.999999999999999
260.799999999991,0.999999999999999
260.899999999991,0.999999999999999
260.999999999991,0.999999999999999
261.099999999991,0.999999999999999
261.199999999991,0.999999999999999
261.299999999991,0.999999999999999
261.399999999991,0.999999999999999
261.499999999991,0.999999999999999
261.599999999991,0.999999999999999
261.699999999991,0.999999999999999
261.799999999991,0.999999999999999
261.899999999991,0.999999999999999
261.999999999991,0.999999999999999
262.099999999991,0.999999999999999
262.199999999991,0.999999999999999
262.299999999991,0.999999999999999
262.399999999991,0.999999999999999
262.499999999991,0.999999999999999
262.599999999991,0.999999999999999
262.699999999991,0.999999999999999
262.799999999991,0.999999999999999
262.899999999991,0.999999999999999
262.999999999991,0.999999999999999
263.099999999991,0.999999999999999
263.199999999991,0.999999999999999
263.299999999991,0.999999999999999
263.399999999991,0.999999999999999
263.499999999991,0.999999999999999
263.599999999991,0.999999999999999
263.699999999991,0.999999999999999
263.799999999991,0.999999999999999
263.899999999992,0.999999999999999
263.999999999992,0.999999999999999
264.099999999992,0.999999999999999
264.199999999992,0.999999999999999
264.299999999992,0.999999999999999
264.399999999992,0.999999999999999
264.499999999992,0.999999999999999
264.599999999992,0.999999999999999
264.699999999992,0.999999999999999
264.799999999992,0.999999999999999
264.899999999992,0.999999999999999
264.999999999992,0.999999999999999
265.099999999992,0.999999999999999
265.199999999992,0.999999999999999
265.299999999992,0.999999999999999
265.399999999992,0.999999999999999
265.499999999992,0.999999999999999
265.599999999992,0.999999999999999
265.699999999992,0.999999999999999
265.799999999992,0.999999999999999
265.899999999992,0.999999999999999
265.999999999992,0.999999999999999
266.099999999992,0.999999999999999
266.199999999992,0.999999999999999
266.299999999992,0.999999999999999
266.399999999992,0.999999999999999
266.499999999992,0.999999999999999
266.599999999992,0.999999999999999
266.699999999992,0.999999999999999
266.799999999992,0.999999999999999
266.899999999992,0.999999999999999
266.999999999992,0.999999999999999
267.099999999992,0.999999999999999
267.199999999992,0.999999999999999
267.299999999992,0.999999999999999
267.399999999992,0.999999999999999
267.499999999992,0.999999999999999
267.599999999992,0.999999999999999
267.699999999992,0.999999999999999
267.799999999992,0.999999999999999
267.899999999992,0.999999999999999
267.999999999992,0.999999999999999
268.099999999992,0.999999999999999
268.199999999992,0.999999999999999
268.299999999993,0.999999999999999
268.399999999993,0.999999999999999
268.499999999993,0.999999999999999
268.599999999993,0.999999999999999
268.699999999993,0.999999999999999
268.799999999993,0.999999999999999
268.899999999993,0.999999999999999
268.999999999993,0.999999999999999
269.099999999993,0.999999999999999
269.199999999993,0.999999999999999
269.299999999993,0.999999999999999
269.399999999993,0.999999999999999
269.499999999993,0.999999999999999
269.599999999993,0.999999999999999
269.699999999993,0.999999999999999
269.799999999993,0.999999999999999
269.899999999993,0.999999999999999
269.999999999993,0.999999999999999
270.099999999993,0.999999999999999
270.199999999993,0.999999999999999
270.299999999993,0.999999999999999
270.399999999993,0.999999999999999
270.499999999993,0.999999999999999
270.599999999993,0.999999999999999
270.699999999993,0.999999999999999
270.799999999993,0.999999999999999
270.899999999993,0.999999999999999
270.999999999993,0.999999999999999
271.099999999993,0.999999999999999
271.199999999993,0.999999999999999
271.299999999993,0.999999999999999
271.399999999993,0.999999999999999
271.499999999993,0.999999999999999
271.599999999993,0.999999999999999
271.699999999993,0.999999999999999
271.799999999993,0.999999999999999
271.899999999993,0.999999999999999
271.999999999993,0.999999999999999
272.099999999993,0.999999999999999
272.199999999993,0.999999999999999
272.299999999993,0.999999999999999
272.399999999993,0.999999999999999
272.499999999993,0.999999999999999
272.599999999993,0.999999999999999
272.699999999994,0.999999999999999
272.799999999994,0.999999999999999
272.899999999994,0.999999999999999
272.999999999994,0.999999999999999
273.099999999994,0.999999999999999
273.199999999994,0.999999999999999
273.299999999994,0.999999999999999
273.399999999994,0.999999999999999
273.499999999994,0.999999999999999
273.599999999994,0.999999999999999
273.699999999994,0.999999999999999
273.799999999994,0.999999999999999
273.899999999994,0.999999999999999
273.999999999994,0.999999999999999
274.099999999994,0.999999999999999
274.199999999994,0.999999999999999
274.299999999994,0.999999999999999
274.399999999994,0.999999999999999
274.499999999994,0.999999999999999
274.599999999994,0.999999999999999
274.699999999994,0.999999999999999
274.799999999994,0.999999999999999
274.899999999994,0.999999999999999
274.999999999994,0.999999999999999
275.099999999994,0.999999999999999
275.199999999994,0.999999999999999
275.299999999994,0.999999999999999
275.399999999994,0.999999999999999
275.499999999994,0.999999999999999
275.599999999994,0.999999999999999
275.699999999994,0.999999999999999
275.799999999994,0.999999999999999
275.899999999994,0.999999999999999
275.999999999994,0.999999999999999
276.099999999994,0.999999999999999
276.199999999994,0.999999999999999
276.299999999994,0.999999999999999
276.399999999994,0.999999999999999
276.499999999994,0.999999999999999
276.599999999994,0.999999999999999
276.699999999994,0.999999999999999
276.799999999994,0.999999999999999
276.899999999994,0.999999999999999
276.999999999994,0.999999999999999
277.099999999995,0.999999999999999
277.199999999995,0.999999999999999
277.299999999995,0.999999999999999
277.399999999995,0.999999999999999
277.499999999995,0.999999999999999
277.599999999995,0.999999999999999
277.699999999995,0.999999999999999
277.799999999995,0.999999999999999
277.899999999995,0.999999999999999
277.999999999995,0.999999999999999
278.099999999995,0.999999999999999
278.199999999995,0.999999999999999
278.299999999995,0.999999999999999
278.399999999995,0.999999999999999
278.499999999995,0.999999999999999
278.599999999995,0.999999999999999
278.699999999995,0.999999999999999
278.799999999995,0.999999999999999
278.899999999995,0.999999999999999
278.999999999995,0.999999999999999
279.099999999995,0.999999999999999
279.199999999995,0.999999999999999
279.299999999995,0.999999999999999
279.399999999995,0.999999999999999
279.499999999995,0.999999999999999
279.599999999995,0.999999999999999
279.699999999995,0.999999999999999
279.799999999995,0.999999999999999
279.899999999995,0.999999999999999
279.999999999995,0.999999999999999
280.099999999995,0.999999999999999
280.199999999995,0.999999999999999
280.299999999995,0.999999999999999
280.399999999995,0.999999999999999
280.499999999995,0.999999999999999
280.599999999995,0.999999999999999
280.699999999995,0.999999999999999
280.799999999995,0.999999999999999
280.899999999995,0.999999999999999
280.999999999995,0.999999999999999
281.099999999995,0.999999999999999
281.199999999995,0.999999999999999
281.299999999995,0.999999999999999
281.399999999995,0.999999999999999
281.499999999996,0.999999999999999
281.599999999996,0.999999999999999
281.699999999996,0.999999999999999
281.799999999996,0.999999999999999
281.899999999996,0.999999999999999
281.999999999996,0.999999999999999
282.099999999996,0.999999999999999
282.199999999996,0.999999999999999
282.299999999996,0.999999999999999
282.399999999996,0.999999999999999
282.499999999996,0.999999999999999
282.599999999996,0.999999999999999
282.699999999996,0.999999999999999
282.799999999996,0.999999999999999
282.899999999996,0.999999999999999
282.999999999996,0.999999999999999
283.099999999996,0.999999999999999
283.199999999996,0.999999999999999
283.299999999996,0.999999999999999
283.399999999996,0.999999999999999
283.499999999996,0.999999999999999
283.599999999996,0.999999999999999
283.699999999996,0.999999999999999
283.799999999996,0.999999999999999
283.899999999996,0.999999999999999
283.999999999996,0.999999999999999
284.099999999996,0.999999999999999
284.199999999996,0.999999999999999
284.299999999996,0.999999999999999
284.399999999996,0.999999999999999
284.499999999996,0.999999999999999
284.599999999996,0.999999999999999
284.699999999996,0.999999999999999
284.799999999996,0.999999999999999
284.899999999996,0.999999999999999
284.999999999996,0.999999999999999
285.099999999996,0.999999999999999
285.199999999996,0.999999999999999
285.299999999996,0.999999999999999
285.399999999996,0.999999999999999
285.499999999996,0.999999999999999
285.599999999996,0.999999999999999
285.699999999996,0.999999999999999
285.799999999996,0.999999999999999
285.899999999997,0.999999999999999
285.999999999997,0.999999999999999
286.099999999997,0.999999999999999
286.199999999997,0.999999999999999
286.299999999997,0.999999999999999
286.399999999997,0.999999999999999
286.499999999997,0.999999999999999
286.599999999997,0.999999999999999
286.699999999997,0.999999999999999
286.799999999997,0.999999999999999
286.899999999997,0.999999999999999
286.999999999997,0.999999999999999
287.099999999997,0.999999999999999
287.199999999997,0.999999999999999
287.299999999997,0.999999999999999
287.399999999997,0.999999999999999
287.499999999997,0.999999999999999
287.599999999997,0.999999999999999
287.699999999997,0.999999999999999
287.799999999997,0.999999999999999
287.899999999997,0.999999999999999
287.999999999997,0.999999999999999
288.099999999997,0.999999999999999
288.199999999997,0.999999999999999
288.299999999997,0.999999999999999
288.399999999997,0.999999999999999
288.499999999997,0.999999999999999
288.599999999997,0.999999999999999
288.699999999997,0.999999999999999
288.799999999997,0.999999999999999
288.899999999997,0.999999999999999
288.999999999997,0.999999999999999
289.099999999997,0.999999999999999
289.199999999997,0.999999999999999
289.299999999997,0.999999999999999
289.399999999997,0.999999999999999
289.499999999997,0.999999999999999
289.599999999997,0.999999999999999
289.699999999997,0.999999999999999
289.799999999997,0.999999999999999
289.899999999997,0.999999999999999
289.999999999997,0.999999999999999
290.099999999997,0.999999999999999
290.199999999997,0.999999999999999
290.299999999998,0.999999999999999
290.399999999998,0.999999999999999
290.499999999998,0.999999999999999
290.599999999998,0.999999999999999
290.699999999998,0.999999999999999
290.799999999998,0.999999999999999
290.899999999998,0.999999999999999
290.999999999998,0.999999999999999
291.099999999998,0.999999999999999
291.199999999998,0.999999999999999
291.299999999998,0.999999999999999
291.399999999998,0.999999999999999
291.499999999998,0.999999999999999
291.599999999998,0.999999999999999
291.699999999998,0.999999999999999
291.799999999998,0.999999999999999
291.899999999998,0.999999999999999
291.999999999998,0.999999999999999
292.099999999998,0.999999999999999
292.199999999998,0.999999999999999
292.299999999998,0.999999999999999
292.399999999998,0.999999999999999
292.499999999998,0.999999999999999
292.599999999998,0.999999999999999
292.699999999998,0.999999999999999
292.799999999998,0.999999999999999
292.899999999998,0.999999999999999
292.999999999998,0.999999999999999
293.099999999998,0.999999999999999
293.199999999998,0.999999999999999
293.299999999998,0.999999999999999
293.399999999998,0.999999999999999
293.499999999998,0.999999999999999
293.599999999998,0.999999999999999
293.699999999998,0.999999999999999
293.799999999998,0.999999999999999
293.899999999998,0.999999999999999
293.999999999998,0.999999999999999
294.099999999998,0.999999999999999
294.199999999998,0.999999999999999
294.299999999998,0.999999999999999
294.399999999998,0.999999999999999
294.499999999998,0.999999999999999
294.599999999998,0.999999999999999
294.699999999999,0.999999999999999
294.799999999999,0.999999999999999
294.899999999999,0.999999999999999
294.999999999999,0.999999999999999
295.099999999999,0.999999999999999
295.199999999999,0.999999999999999
295.299999999999,0.999999999999999
295.399999999999,0.999999999999999
295.499999999999,0.999999999999999
295.599999999999,0.999999999999999
295.699999999999,0.999999999999999
295.799999999999,0.999999999999999
295.899999999999,0.999999999999999
295.999999999999,0.999999999999999
296.099999999999,0.999999999999999
296.199999999999,0.999999999999999
296.299999999999,0.999999999999999
296.399999999999,0.999999999999999
296.499999999999,0.999999999999999
296.599999999999,0.999999999999999
296.699999999999,0.999999999999999
296.799999999999,0.999999999999999
296.899999999999,0.999999999999999
296.999999999999,0.999999999999999
297.099999999999,0.999999999999999
297.199999999999,0.999999999999999
297.299999999999,0.999999999999999
297.399999999999,0.999999999999999
297.499999999999,0.999999999999999
297.599999999999,0.999999999999999
297.699999999999,0.999999999999999
297.799999999999,0.999999999999999
297.899999999999,0.999999999999999
297.999999999999,0.999999999999999
298.099999999999,0.999999999999999
298.199999999999,0.999999999999999
298.299999999999,0.999999999999999
298.399999999999,0.999999999999999
298.499999999999,0.999999999999999
298.599999999999,0.999999999999999
298.699999999999,0.999999999999999
298.799999999999,0.999999999999999
298.899999999999,0.999999999999999
298.999999999999,0.999999999999999
299.1,0.999999999999999
299.2,0.999999999999999
299.3,0.999999999999999
299.4,0.999999999999999
299.5,0.999999999999999
299.6,0.999999999999999
299.7,0.999999999999999
299.8,0.999999999999999
299.9,0.999999999999999
300,0.999999999999999
300.1,0.999999999999999
300.2,0.999999999999999
300.3,0.999999999999999
300.4,0.999999999999999
300.5,0.999999999999999
300.6,0.999999999999999
300.7,0.999999999999999
300.8,0.999999999999999
300.9,0.999999999999999
301,0.999999999999999
301.1,0.999999999999999
301.2,0.999999999999999
301.3,0.999999999999999
301.4,0.999999999999999
301.5,0.999999999999999
301.6,0.999999999999999
301.7,0.999999999999999
301.8,0.999999999999999
301.9,0.999999999999999
302,0.999999999999999
302.1,0.999999999999999
302.2,0.999999999999999
302.3,0.999999999999999
302.4,0.999999999999999
302.5,0.999999999999999
302.6,0.999999999999999
302.7,0.999999999999999
302.8,0.999999999999999
302.9,0.999999999999999
303,0.999999999999999
303.1,0.999999999999999
303.2,0.999999999999999
303.3,0.999999999999999
303.4,0.999999999999999
303.500000000001,0.999999999999999
303.600000000001,0.999999999999999
303.700000000001,0.999999999999999
303.800000000001,0.999999999999999
303.900000000001,0.999999999999999
304.000000000001,0.999999999999999
304.100000000001,0.999999999999999
304.200000000001,0.999999999999999
304.300000000001,0.999999999999999
304.400000000001,0.999999999999999
304.500000000001,0.999999999999999
304.600000000001,0.999999999999999
304.700000000001,0.999999999999999
304.800000000001,0.999999999999999
304.900000000001,0.999999999999999
305.000000000001,0.999999999999999
305.100000000001,0.999999999999999
305.200000000001,0.999999999999999
305.300000000001,0.999999999999999
305.400000000001,0.999999999999999
305.500000000001,0.999999999999999
305.600000000001,0.999999999999999
305.700000000001,0.999999999999999
305.800000000001,0.999999999999999
305.900000000001,0.999999999999999
306.000000000001,0.999999999999999
306.100000000001,0.999999999999999
306.200000000001,0.999999999999999
306.300000000001,0.999999999999999
306.400000000001,0.999999999999999
306.500000000001,0.999999999999999
306.600000000001,0.999999999999999
306.700000000001,0.999999999999999
306.800000000001,0.999999999999999
306.900000000001,0.999999999999999
307.000000000001,0.999999999999999
307.100000000001,0.999999999999999
307.200000000001,0.999999999999999
307.300000000001,0.999999999999999
307.400000000001,0.999999999999999
307.500000000001,0.999999999999999
307.600000000001,0.999999999999999
307.700000000001,0.999999999999999
307.800000000001,0.999999999999999
307.900000000002,0.999999999999999
308.000000000002,0.999999999999999
308.100000000002,0.999999999999999
308.200000000002,0.999999999999999
308.300000000002,0.999999999999999
308.400000000002,0.999999999999999
308.500000000002,0.999999999999999
308.600000000002,0.999999999999999
308.700000000002,0.999999999999999
308.800000000002,0.999999999999999
308.900000000002,0.999999999999999
309.000000000002,0.999999999999999
309.100000000002,0.999999999999999
309.200000000002,0.999999999999999
309.300000000002,0.999999999999999
309.400000000002,0.999999999999999
309.500000000002,0.999999999999999
309.600000000002,0.999999999999999
309.700000000002,0.999999999999999
309.800000000002,0.999999999999999
309.900000000002,0.999999999999999
310.000000000002,0.999999999999999
310.100000000002,0.999999999999999
310.200000000002,0.999999999999999
310.300000000002,0.999999999999999
310.400000000002,0.999999999999999
310.500000000002,0.999999999999999
310.600000000002,0.999999999999999
310.700000000002,0.999999999999999
310.800000000002,0.999999999999999
310.900000000002,0.999999999999999
311.000000000002,0.999999999999999
311.100000000002,0.999999999999999
311.200000000002,0.999999999999999
311.300000000002,0.999999999999999
311.400000000002,0.999999999999999
311.500000000002,0.999999999999999
311.600000000002,0.999999999999999
311.700000000002,0.999999999999999
311.800000000002,0.999999999999999
311.900000000002,0.999999999999999
312.000000000002,0.999999999999999
312.100000000002,0.999999999999999
312.200000000002,0.999999999999999
312.300000000003,0.999999999999999
312.400000000003,0.999999999999999
312.500000000003,0.999999999999999
312.600000000003,0.999999999999999
312.700000000003,0.999999999999999
312.800000000003,0.999999999999999
312.900000000003,0.999999999999999
313.000000000003,0.999999999999999
313.100000000003,0.999999999999999
313.200000000003,0.999999999999999
313.300000000003,0.999999999999999
313.400000000003,0.999999999999999
313.500000000003,0.999999999999999
313.600000000003,0.999999999999999
313.700000000003,0.999999999999999
313.800000000003,0.999999999999999
313.900000000003,0.999999999999999
314.000000000003,0.999999999999999
314.100000000003,0.999999999999999
314.200000000003,0.999999999999999
314.300000000003,0.999999999999999
314.400000000003,0.999999999999999
314.500000000003,0.999999999999999
314.600000000003,0.999999999999999
314.700000000003,0.999999999999999
314.800000000003,0.999999999999999
314.900000000003,0.999999999999999
315.000000000003,0.999999999999999
315.100000000003,0.999999999999999
315.200000000003,0.999999999999999
315.300000000003,0.999999999999999
315.400000000003,0.999999999999999
315.500000000003,0.999999999999999
315.600000000003,0.999999999999999
315.700000000003,0.999999999999999
315.800000000003,0.999999999999999
315.900000000003,0.999999999999999
316.000000000003,0.999999999999999
316.100000000003,0.999999999999999
316.200000000003,0.999999999999999
316.300000000003,0.999999999999999
316.400000000003,0.999999999999999
316.500000000003,0.999999999999999
316.600000000003,0.999999999999999
316.700000000004,0.999999999999999
316.800000000004,0.999999999999999
316.900000000004,0.999999999999999
317.000000000004,0.999999999999999
317.100000000004,0.999999999999999
317.200000000004,0.999999999999999
317.300000000004,0.999999999999999
317.400000000004,0.999999999999999
317.500000000004,0.999999999999999
317.600000000004,0.999999999999999
317.700000000004,0.999999999999999
317.800000000004,0.999999999999999
317.900000000004,0.999999999999999
318.000000000004,0.999999999999999
318.100000000004,0.999999999999999
318.200000000004,0.999999999999999
318.300000000004,0.999999999999999
318.400000000004,0.999999999999999
318.500000000004,0.999999999999999
318.600000000004,0.999999999999999
318.700000000004,0.999999999999999
318.800000000004,0.999999999999999
318.900000000004,0.999999999999999
319.000000000004,0.999999999999999
319.100000000004,0.999999999999999
319.200000000004,0.999999999999999
319.300000000004,0.999999999999999
319.400000000004,0.999999999999999
319.500000000004,0.999999999999999
319.600000000004,0.999999999999999
319.700000000004,0.999999999999999
319.800000000004,0.999999999999999
319.900000000004,0.999999999999999
320.000000000004,0.999999999999999
320.100000000004,0.999999999999999
320.200000000004,0.999999999999999
320.300000000004,0.999999999999999
320.400000000004,0.999999999999999
320.500000000004,0.999999999999999
320.600000000004,0.999999999999999
320.700000000004,0.999999999999999
320.800000000004,0.999999999999999
320.900000000004,0.999999999999999
321.000000000004,0.999999999999999
321.100000000005,0.999999999999999
321.200000000005,0.999999999999999
321.300000000005,0.999999999999999
321.400000000005,0.999999999999999
321.500000000005,0.999999999999999
321.600000000005,0.999999999999999
321.700000000005,0.999999999999999
321.800000000005,0.999999999999999
321.900000000005,0.999999999999999
322.000000000005,0.999999999999999
322.100000000005,0.999999999999999
322.200000000005,0.999999999999999
322.300000000005,0.999999999999999
322.400000000005,0.999999999999999
322.500000000005,0.999999999999999
322.600000000005,0.999999999999999
322.700000000005,0.999999999999999
322.800000000005,0.999999999999999
322.900000000005,0.999999999999999
323.000000000005,0.999999999999999
323.100000000005,0.999999999999999
323.200000000005,0.999999999999999
323.300000000005,0.999999999999999
323.400000000005,0.999999999999999
323.500000000005,0.999999999999999
323.600000000005,0.999999999999999
323.700000000005,0.999999999999999
323.800000000005,0.999999999999999
323.900000000005,0.999999999999999
324.000000000005,0.999999999999999
324.100000000005,0.999999999999999
324.200000000005,0.999999999999999
324.300000000005,0.999999999999999
324.400000000005,0.999999999999999
324.500000000005,0.999999999999999
324.600000000005,0.999999999999999
324.700000000005,0.999999999999999
324.800000000005,0.999999999999999
324.900000000005,0.999999999999999
325.000000000005,0.999999999999999
325.100000000005,0.999999999999999
325.200000000005,0.999999999999999
325.300000000005,0.999999999999999
325.400000000005,0.999999999999999
325.500000000006,0.999999999999999
325.600000000006,0.999999999999999
325.700000000006,0.999999999999999
325.800000000006,0.999999999999999
325.900000000006,0.999999999999999
326.000000000006,0.999999999999999
326.100000000006,0.999999999999999
326.200000000006,0.999999999999999
326.300000000006,0.999999999999999
326.400000000006,0.999999999999999
326.500000000006,0.999999999999999
326.600000000006,0.999999999999999
326.700000000006,0.999999999999999
326.800000000006,0.999999999999999
326.900000000006,0.999999999999999
327.000000000006,0.999999999999999
327.100000000006,0.999999999999999
327.200000000006,0.999999999999999
327.300000000006,0.999999999999999
327.400000000006,0.999999999999999
327.500000000006,0.999999999999999
327.600000000006,0.999999999999999
327.700000000006,0.999999999999999
327.800000000006,0.999999999999999
327.900000000006,0.999999999999999
328.000000000006,0.999999999999999
328.100000000006,0.999999999999999
328.200000000006,0.999999999999999
328.300000000006,0.999999999999999
328.400000000006,0.999999999999999
328.500000000006,0.999999999999999
328.600000000006,0.999999999999999
328.700000000006,0.999999999999999
328.800000000006,0.999999999999999
328.900000000006,0.999999999999999
329.000000000006,0.999999999999999
329.100000000006,0.999999999999999
329.200000000006,0.999999999999999
329.300000000006,0.999999999999999
329.400000000006,0.999999999999999
329.500000000006,0.999999999999999
329.600000000006,0.999999999999999
329.700000000006,0.999999999999999
329.800000000006,0.999999999999999
329.900000000007,0.999999999999999
330.000000000007,0.999999999999999
330.100000000007,0.999999999999999
330.200000000007,0.999999999999999
330.300000000007,0.999999999999999
330.400000000007,0.999999999999999
330.500000000007,0.999999999999999
330.600000000007,0.999999999999999
330.700000000007,0.999999999999999
330.800000000007,0.999999999999999
330.900000000007,0.999999999999999
331.000000000007,0.999999999999999
331.100000000007,0.999999999999999
331.200000000007,0.999999999999999
331.300000000007,0.999999999999999
331.400000000007,0.999999999999999
331.500000000007,0.999999999999999
331.600000000007,0.999999999999999
331.700000000007,0.999999999999999
331.800000000007,0.999999999999999
331.900000000007,0.999999999999999
332.000000000007,0.999999999999999
332.100000000007,0.999999999999999
332.200000000007,0.999999999999999
332.300000000007,0.999999999999999
332.400000000007,0.999999999999999
332.500000000007,0.999999999999999
332.600000000007,0.999999999999999
332.700000000007,0.999999999999999
332.800000000007,0.999999999999999
332.900000000007,0.999999999999999
333.000000000007,0.999999999999999
333.100000000007,0.999999999999999
333.200000000007,0.999999999999999
333.300000000007,0.999999999999999
333.400000000007,0.999999999999999
333.500000000007,0.999999999999999
333.600000000007,0.999999999999999
333.700000000007,0.999999999999999
333.800000000007,0.999999999999999
333.900000000007,0.999999999999999
334.000000000007,0.999999999999999
334.100000000007,0.999999999999999
334.200000000007,0.999999999999999
334.300000000008,0.999999999999999
334.400000000008,0.999999999999999
334.500000000008,0.999999999999999
334.600000000008,0.999999999999999
334.700000000008,0.999999999999999
334.800000000008,0.999999999999999
334.900000000008,0.999999999999999
335.000000000008,0.999999999999999
335.100000000008,0.999999999999999
335.200000000008,0.999999999999999
335.300000000008,0.999999999999999
335.400000000008,0.999999999999999
335.500000000008,0.999999999999999
335.600000000008,0.999999999999999
335.700000000008,0.999999999999999
335.800000000008,0.999999999999999
335.900000000008,0.999999999999999
336.000000000008,0.999999999999999
336.100000000008,0.999999999999999
336.200000000008,0.999999999999999
336.300000000008,0.999999999999999
336.400000000008,0.999999999999999
336.500000000008,0.999999999999999
336.600000000008,0.999999999999999
336.700000000008,0.999999999999999
336.800000000008,0.999999999999999
336.900000000008,0.999999999999999
337.000000000008,0.999999999999999
337.100000000008,0.999999999999999
337.200000000008,0.999999999999999
337.300000000008,0.999999999999999
337.400000000008,0.999999999999999
337.500000000008,0.999999999999999
337.600000000008,0.999999999999999
337.700000000008,0.999999999999999
337.800000000008,0.999999999999999
337.900000000008,0.999999999999999
338.000000000008,0.999999999999999
338.100000000008,0.999999999999999
338.200000000008,0.999999999999999
338.300000000008,0.999999999999999
338.400000000008,0.999999999999999
338.500000000008,0.999999999999999
338.600000000008,0.999999999999999
338.700000000009,0.999999999999999
338.800000000009,0.999999999999999
338.900000000009,0.999999999999999
339.000000000009,0.999999999999999
339.100000000009,0.999999999999999
339.200000000009,0.999999999999999
339.300000000009,0.999999999999999
339.400000000009,0.999999999999999
339.500000000009,0.999999999999999
339.600000000009,0.999999999999999
339.700000000009,0.999999999999999
339.800000000009,0.999999999999999
339.900000000009,0.999999999999999
340.000000000009,0.999999999999999
340.100000000009,0.999999999999999
340.200000000009,0.999999999999999
340.300000000009,0.999999999999999
340.400000000009,0.999999999999999
340.500000000009,0.999999999999999
340.600000000009,0.999999999999999
340.700000000009,0.999999999999999
340.800000000009,0.999999999999999
340.900000000009,0.999999999999999
341.000000000009,0.999999999999999
341.100000000009,0.999999999999999
341.200000000009,0.999999999999999
341.300000000009,0.999999999999999
341.400000000009,0.999999999999999
341.500000000009,0.999999999999999
341.600000000009,0.999999999999999
341.700000000009,0.999999999999999
341.800000000009,0.999999999999999
341.900000000009,0.999999999999999
342.000000000009,0.999999999999999
342.100000000009,0.999999999999999
342.200000000009,0.999999999999999
342.300000000009,0.999999999999999
342.400000000009,0.999999999999999
342.500000000009,0.999999999999999
342.600000000009,0.999999999999999
342.700000000009,0.999999999999999
342.800000000009,0.999999999999999
342.900000000009,0.999999999999999
343.000000000009,0.999999999999999
343.10000000001,0.999999999999999
343.20000000001,0.999999999999999
343.30000000001,0.999999999999999
343.40000000001,0.999999999999999
343.50000000001,0.999999999999999
343.60000000001,0.999999999999999
343.70000000001,0.999999999999999
343.80000000001,0.999999999999999
343.90000000001,0.999999999999999
344.00000000001,0.999999999999999
344.10000000001,0.999999999999999
344.20000000001,0.999999999999999
344.30000000001,0.999999999999999
344.40000000001,0.999999999999999
344.50000000001,0.999999999999999
344.60000000001,0.999999999999999
344.70000000001,0.999999999999999
344.80000000001,0.999999999999999
344.90000000001,0.999999999999999
345.00000000001,0.999999999999999
345.10000000001,0.999999999999999
345.20000000001,0.999999999999999
345.30000000001,0.999999999999999
345.40000000001,0.999999999999999
345.50000000001,0.999999999999999
345.60000000001,0.999999999999999
345.70000000001,0.999999999999999
345.80000000001,0.999999999999999
345.90000000001,0.999999999999999
346.00000000001,0.999999999999999
346.10000000001,0.999999999999999
346.20000000001,0.999999999999999
346.30000000001,0.999999999999999
346.40000000001,0.999999999999999
346.50000000001,0.999999999999999
346.60000000001,0.999999999999999
346.70000000001,0.999999999999999
346.80000000001,0.999999999999999
346.90000000001,0.999999999999999
347.00000000001,0.999999999999999
347.10000000001,0.999999999999999
347.20000000001,0.999999999999999
347.30000000001,0.999999999999999
347.40000000001,0.999999999999999
347.500000000011,0.999999999999999
347.600000000011,0.999999999999999
347.700000000011,0.999999999999999
347.800000000011,0.999999999999999
347.900000000011,0.999999999999999
348.000000000011,0.999999999999999
348.100000000011,0.999999999999999
348.200000000011,0.999999999999999
348.300000000011,0.999999999999999
348.400000000011,0.999999999999999
348.500000000011,0.999999999999999
348.600000000011,0.999999999999999
348.700000000011,0.999999999999999
348.800000000011,0.999999999999999
348.900000000011,0.999999999999999
349.000000000011,0.999999999999999
349.100000000011,0.999999999999999
349.200000000011,0.999999999999999
349.300000000011,0.999999999999999
349.400000000011,0.999999999999999
349.500000000011,0.999999999999999
349.600000000011,0.999999999999999
349.700000000011,0.999999999999999
349.800000000011,0.999999999999999
349.900000000011,0.999999999999999
350.000000000011,0.999999999999999
350.100000000011,0.999999999999999
350.200000000011,0.999999999999999
350.300000000011,0.999999999999999
350.400000000011,0.999999999999999
350.500000000011,0.999999999999999
350.600000000011,0.999999999999999
350.700000000011,0.999999999999999
350.800000000011,0.999999999999999
350.900000000011,0.999999999999999
351.000000000011,0.999999999999999
351.100000000011,0.999999999999999
351.200000000011,0.999999999999999
351.300000000011,0.999999999999999
351.400000000011,0.999999999999999
351.500000000011,0.999999999999999
351.600000000011,0.999999999999999
351.700000000011,0.999999999999999
351.800000000011,0.999999999999999
351.900000000012,0.999999999999999
352.000000000012,0.999999999999999
352.100000000012,0.999999999999999
352.200000000012,0.999999999999999
352.300000000012,0.999999999999999
352.400000000012,0.999999999999999
352.500000000012,0.999999999999999
352.600000000012,0.999999999999999
352.700000000012,0.999999999999999
352.800000000012,0.999999999999999
352.900000000012,0.999999999999999
353.000000000012,0.999999999999999
353.100000000012,0.999999999999999
353.200000000012,0.999999999999999
353.300000000012,0.999999999999999
353.400000000012,0.999999999999999
353.500000000012,0.999999999999999
353.600000000012,0.999999999999999
353.700000000012,0.999999999999999
353.800000000012,0.999999999999999
353.900000000012,0.999999999999999
354.000000000012,0.999999999999999
354.100000000012,0.999999999999999
354.200000000012,0.999999999999999
354.300000000012,0.999999999999999
354.400000000012,0.999999999999999
354.500000000012,0.999999999999999
354.600000000012,0.999999999999999
354.700000000012,0.999999999999999
354.800000000012,0.999999999999999
354.900000000012,0.999999999999999
355.000000000012,0.999999999999999
355.100000000012,0.999999999999999
355.200000000012,0.999999999999999
355.300000000012,0.999999999999999
355.400000000012,0.999999999999999
355.500000000012,0.999999999999999
355.600000000012,0.999999999999999
355.700000000012,0.999999999999999
355.800000000012,0.999999999999999
355.900000000012,0.999999999999999
356.000000000012,0.999999999999999
356.100000000012,0.999999999999999
356.200000000012,0.999999999999999
356.300000000013,0.999999999999999
356.400000000013,0.999999999999999
356.500000000013,0.999999999999999
356.600000000013,0.999999999999999
356.700000000013,0.999999999999999
356.800000000013,0.999999999999999
356.900000000013,0.999999999999999
357.000000000013,0.999999999999999
357.100000000013,0.999999999999999
357.200000000013,0.999999999999999
357.300000000013,0.999999999999999
357.400000000013,0.999999999999999
357.500000000013,0.999999999999999
357.600000000013,0.999999999999999
357.700000000013,0.999999999999999
357.800000000013,0.999999999999999
357.900000000013,0.999999999999999
358.000000000013,0.999999999999999
358.100000000013,0.999999999999999
358.200000000013,0.999999999999999
358.300000000013,0.999999999999999
358.400000000013,0.999999999999999
358.500000000013,0.999999999999999
358.600000000013,0.999999999999999
358.700000000013,0.999999999999999
358.800000000013,0.999999999999999
358.900000000013,0.999999999999999
359.000000000013,0.999999999999999
359.100000000013,0.999999999999999
359.200000000013,0.999999999999999
359.300000000013,0.999999999999999
359.400000000013,0.999999999999999
359.500000000013,0.999999999999999
359.600000000013,0.999999999999999
359.700000000013,0.999999999999999
359.800000000013,0.999999999999999
359.900000000013,0.999999999999999
360.000000000013,0.999999999999999
360.100000000013,0.999999999999999
360.200000000013,0.999999999999999
360.300000000013,0.999999999999999
360.400000000013,0.999999999999999
360.500000000013,0.999999999999999
360.600000000013,0.999999999999999
360.700000000014,0.999999999999999
360.800000000014,0.999999999999999
360.900000000014,0.999999999999999
361.000000000014,0.999999999999999
361.100000000014,0.999999999999999
361.200000000014,0.999999999999999
361.300000000014,0.999999999999999
361.400000000014,0.999999999999999
361.500000000014,0.999999999999999
361.600000000014,0.999999999999999
361.700000000014,0.999999999999999
361.800000000014,0.999999999999999
361.900000000014,0.999999999999999
362.000000000014,0.999999999999999
362.100000000014,0.999999999999999
362.200000000014,0.999999999999999
362.300000000014,0.999999999999999
362.400000000014,0.999999999999999
362.500000000014,0.999999999999999
362.600000000014,0.999999999999999
362.700000000014,0.999999999999999
362.800000000014,0.999999999999999
362.900000000014,0.999999999999999
363.000000000014,0.999999999999999
363.100000000014,0.999999999999999
363.200000000014,0.999999999999999
363.300000000014,0.999999999999999
363.400000000014,0.999999999999999
363.500000000014,0.999999999999999
363.600000000014,0.999999999999999
363.700000000014,0.999999999999999
363.800000000014,0.999999999999999
363.900000000014,0.999999999999999
364.000000000014,0.999999999999999
364.100000000014,0.999999999999999
364.200000000014,0.999999999999999
364.300000000014,0.999999999999999
364.400000000014,0.999999999999999
364.500000000014,0.999999999999999
364.600000000014,0.999999999999999
364.700000000014,0.999999999999999
364.800000000014,0.999999999999999
364.900000000014,0.999999999999999
365.000000000014,0.999999999999999
365.100000000015,0.999999999999999
365.200000000015,0.999999999999999
365.300000000015,0.999999999999999
365.400000000015,0.999999999999999
365.500000000015,0.999999999999999
365.600000000015,0.999999999999999
365.700000000015,0.999999999999999
365.800000000015,0.999999999999999
365.900000000015,0.999999999999999
366.000000000015,0.999999999999999
366.100000000015,0.999999999999999
366.200000000015,0.999999999999999
366.300000000015,0.999999999999999
366.400000000015,0.999999999999999
366.500000000015,0.999999999999999
366.600000000015,0.999999999999999
366.700000000015,0.999999999999999
366.800000000015,0.999999999999999
366.900000000015,0.999999999999999
367.000000000015,0.999999999999999
367.100000000015,0.999999999999999
367.200000000015,0.999999999999999
367.300000000015,0.999999999999999
367.400000000015,0.999999999999999
367.500000000015,0.999999999999999
367.600000000015,0.999999999999999
367.700000000015,0.999999999999999
367.800000000015,0.999999999999999
367.900000000015,0.999999999999999
368.000000000015,0.999999999999999
368.100000000015,0.999999999999999
368.200000000015,0.999999999999999
368.300000000015,0.999999999999999
368.400000000015,0.999999999999999
368.500000000015,0.999999999999999
368.600000000015,0.999999999999999
368.700000000015,0.999999999999999
368.800000000015,0.999999999999999
368.900000000015,0.999999999999999
369.000000000015,0.999999999999999
369.100000000015,0.999999999999999
369.200000000015,0.999999999999999
369.300000000015,0.999999999999999
369.400000000015,0.999999999999999
369.500000000016,0.999999999999999
369.600000000016,0.999999999999999
369.700000000016,0.999999999999999
369.800000000016,0.999999999999999
369.900000000016,0.999999999999999
370.000000000016,0.999999999999999
370.100000000016,0.999999999999999
370.200000000016,0.999999999999999
370.300000000016,0.999999999999999
370.400000000016,0.999999999999999
370.500000000016,0.999999999999999
370.600000000016,0.999999999999999
370.700000000016,0.999999999999999
370.800000000016,0.999999999999999
370.900000000016,0.999999999999999
371.000000000016,0.999999999999999
371.100000000016,0.999999999999999
371.200000000016,0.999999999999999
371.300000000016,0.999999999999999
371.400000000016,0.999999999999999
371.500000000016,0.999999999999999
371.600000000016,0.999999999999999
371.700000000016,0.999999999999999
371.800000000016,0.999999999999999
371.900000000016,0.999999999999999
372.000000000016,0.999999999999999
372.100000000016,0.999999999999999
372.200000000016,0.999999999999999
372.300000000016,0.999999999999999
372.400000000016,0.999999999999999
372.500000000016,0.999999999999999
372.600000000016,0.999999999999999
372.700000000016,0.999999999999999
372.800000000016,0.999999999999999
372.900000000016,0.999999999999999
373.000000000016,0.999999999999999
373.100000000016,0.999999999999999
373.200000000016,0.999999999999999
373.300000000016,0.999999999999999
373.400000000016,0.999999999999999
373.500000000016,0.999999999999999
373.600000000016,0.999999999999999
373.700000000016,0.999999999999999
373.800000000016,0.999999999999999
373.900000000017,0.999999999999999
374.000000000017,0.999999999999999
374.100000000017,0.999999999999999
374.200000000017,0.999999999999999
374.300000000017,0.999999999999999
374.400000000017,0.999999999999999
374.500000000017,0.999999999999999
374.600000000017,0.999999999999999
374.700000000017,0.999999999999999
374.800000000017,0.999999999999999
374.900000000017,0.999999999999999
375.000000000017,0.999999999999999
375.100000000017,0.999999999999999
375.200000000017,0.999999999999999
375.300000000017,0.999999999999999
375.400000000017,0.999999999999999
375.500000000017,0.999999999999999
375.600000000017,0.999999999999999
375.700000000017,0.999999999999999
375.800000000017,0.999999999999999
375.900000000017,0.999999999999999
376.000000000017,0.999999999999999
376.100000000017,0.999999999999999
376.200000000017,0.999999999999999
376.300000000017,0.999999999999999
376.400000000017,0.999999999999999
376.500000000017,0.999999999999999
376.600000000017,0.999999999999999
376.700000000017,0.999999999999999
376.800000000017,0.999999999999999
376.900000000017,0.999999999999999
377.000000000017,0.999999999999999
377.100000000017,0.999999999999999
377.200000000017,0.999999999999999
377.300000000017,0.999999999999999
377.400000000017,0.999999999999999
377.500000000017,0.999999999999999
377.600000000017,0.999999999999999
377.700000000017,0.999999999999999
377.800000000017,0.999999999999999
377.900000000017,0.999999999999999
378.000000000017,0.999999999999999
378.100000000017,0.999999999999999
378.200000000017,0.999999999999999
378.300000000018,0.999999999999999
378.400000000018,0.999999999999999
378.500000000018,0.999999999999999
378.600000000018,0.999999999999999
378.700000000018,0.999999999999999
378.800000000018,0.999999999999999
378.900000000018,0.999999999999999
379.000000000018,0.999999999999999
379.100000000018,0.999999999999999
379.200000000018,0.999999999999999
379.300000000018,0.999999999999999
379.400000000018,0.999999999999999
379.500000000018,0.999999999999999
379.600000000018,0.999999999999999
379.700000000018,0.999999999999999
379.800000000018,0.999999999999999
379.900000000018,0.999999999999999
380.000000000018,0.999999999999999
380.100000000018,0.999999999999999
380.200000000018,0.999999999999999
380.300000000018,0.999999999999999
380.400000000018,0.999999999999999
380.500000000018,0.999999999999999
380.600000000018,0.999999999999999
380.700000000018,0.999999999999999
380.800000000018,0.999999999999999
380.900000000018,0.999999999999999
381.000000000018,0.999999999999999
381.100000000018,0.999999999999999
381.200000000018,0.999999999999999
381.300000000018,0.999999999999999
381.400000000018,0.999999999999999
381.500000000018,0.999999999999999
381.600000000018,0.999999999999999
381.700000000018,0.999999999999999
381.800000000018,0.999999999999999
381.900000000018,0.999999999999999
382.000000000018,0.999999999999999
382.100000000018,0.999999999999999
382.200000000018,0.999999999999999
382.300000000018,0.999999999999999
382.400000000018,0.999999999999999
382.500000000018,0.999999999999999
382.600000000018,0.999999999999999
382.700000000019,0.999999999999999
382.800000000019,0.999999999999999
382.900000000019,0.999999999999999
383.000000000019,0.999999999999999
383.100000000019,0.999999999999999
383.200000000019,0.999999999999999
383.300000000019,0.999999999999999
383.400000000019,0.999999999999999
383.500000000019,0.999999999999999
383.600000000019,0.999999999999999
383.700000000019,0.999999999999999
383.800000000019,0.999999999999999
383.900000000019,0.999999999999999
384.000000000019,0.999999999999999
384.100000000019,0.999999999999999
384.200000000019,0.999999999999999
384.300000000019,0.999999999999999
384.400000000019,0.999999999999999
384.500000000019,0.999999999999999
384.600000000019,0.999999999999999
384.700000000019,0.999999999999999
384.800000000019,0.999999999999999
384.900000000019,0.999999999999999
385.000000000019,0.999999999999999
385.100000000019,0.999999999999999
385.200000000019,0.999999999999999
385.300000000019,0.999999999999999
385.400000000019,0.999999999999999
385.500000000019,0.999999999999999
385.600000000019,0.999999999999999
385.700000000019,0.999999999999999
385.800000000019,0.999999999999999
385.900000000019,0.999999999999999
386.000000000019,0.999999999999999
386.100000000019,0.999999999999999
386.200000000019,0.999999999999999
386.300000000019,0.999999999999999
386.400000000019,0.999999999999999
386.500000000019,0.999999999999999
386.600000000019,0.999999999999999
386.700000000019,0.999999999999999
386.800000000019,0.999999999999999
386.900000000019,0.999999999999999
387.000000000019,0.999999999999999
387.10000000002,0.999999999999999
387.20000000002,0.999999999999999
387.30000000002,0.999999999999999
387.40000000002,0.999999999999999
387.50000000002,0.999999999999999
387.60000000002,0.999999999999999
387.70000000002,0.999999999999999
387.80000000002,0.999999999999999
387.90000000002,0.999999999999999
388.00000000002,0.999999999999999
388.10000000002,0.999999999999999
388.20000000002,0.999999999999999
388.30000000002,0.999999999999999
388.40000000002,0.999999999999999
388.50000000002,0.999999999999999
388.60000000002,0.999999999999999
388.70000000002,0.999999999999999
388.80000000002,0.999999999999999
388.90000000002,0.999999999999999
389.00000000002,0.999999999999999
389.10000000002,0.999999999999999
389.20000000002,0.999999999999999
389.30000000002,0.999999999999999
389.40000000002,0.999999999999999
389.50000000002,0.999999999999999
389.60000000002,0.999999999999999
389.70000000002,0.999999999999999
389.80000000002,0.999999999999999
389.90000000002,0.999999999999999
390.00000000002,0.999999999999999
390.10000000002,0.999999999999999
390.20000000002,0.999999999999999
390.30000000002,0.999999999999999
390.40000000002,0.999999999999999
390.50000000002,0.999999999999999
390.60000000002,0.999999999999999
390.70000000002,0.999999999999999
390.80000000002,0.999999999999999
390.90000000002,0.999999999999999
391.00000000002,0.999999999999999
391.10000000002,0.999999999999999
391.20000000002,0.999999999999999
391.30000000002,0.999999999999999
391.40000000002,0.999999999999999
391.500000000021,0.999999999999999
391.600000000021,0.999999999999999
391.700000000021,0.999999999999999
391.800000000021,0.999999999999999
391.900000000021,0.999999999999999
392.000000000021,0.999999999999999
392.100000000021,0.999999999999999
392.200000000021,0.999999999999999
392.300000000021,0.999999999999999
392.400000000021,0.999999999999999
392.500000000021,0.999999999999999
392.600000000021,0.999999999999999
392.700000000021,0.999999999999999
392.800000000021,0.999999999999999
392.900000000021,0.999999999999999
393.000000000021,0.999999999999999
393.100000000021,0.999999999999999
393.200000000021,0.999999999999999
393.300000000021,0.999999999999999
393.400000000021,0.999999999999999
393.500000000021,0.999999999999999
393.600000000021,0.999999999999999
393.700000000021,0.999999999999999
393.800000000021,0.999999999999999
393.900000000021,0.999999999999999
394.000000000021,0.999999999999999
394.100000000021,0.999999999999999
394.200000000021,0.999999999999999
394.300000000021,0.999999999999999
394.400000000021,0.999999999999999
394.500000000021,0.999999999999999
394.600000000021,0.999999999999999
394.700000000021,0.999999999999999
394.800000000021,0.999999999999999
394.900000000021,0.999999999999999
395.000000000021,0.999999999999999
395.100000000021,0.999999999999999
395.200000000021,0.999999999999999
395.300000000021,0.999999999999999
395.400000000021,0.999999999999999
395.500000000021,0.999999999999999
395.600000000021,0.999999999999999
395.700000000021,0.999999999999999
395.800000000021,0.999999999999999
395.900000000022,0.999999999999999
396.000000000022,0.999999999999999
396.100000000022,0.999999999999999
396.200000000022,0.999999999999999
396.300000000022,0.999999999999999
396.400000000022,0.999999999999999
396.500000000022,0.999999999999999
396.600000000022,0.999999999999999
396.700000000022,0.999999999999999
396.800000000022,0.999999999999999
396.900000000022,0.999999999999999
397.000000000022,0.999999999999999
397.100000000022,0.999999999999999
397.200000000022,0.999999999999999
397.300000000022,0.999999999999999
397.400000000022,0.999999999999999
397.500000000022,0.999999999999999
397.600000000022,0.999999999999999
397.700000000022,0.999999999999999
397.800000000022,0.999999999999999
397.900000000022,0.999999999999999
398.000000000022,0.999999999999999
398.100000000022,0.999999999999999
398.200000000022,0.999999999999999
398.300000000022,0.999999999999999
398.400000000022,0.999999999999999
398.500000000022,0.999999999999999
398.600000000022,0.999999999999999
398.700000000022,0.999999999999999
398.800000000022,0.999999999999999
398.900000000022,0.999999999999999
399.000000000022,0.999999999999999
399.100000000022,0.999999999999999
399.200000000022,0.999999999999999
399.300000000022,0.999999999999999
399.400000000022,0.999999999999999
399.500000000022,0.999999999999999
399.600000000022,0.999999999999999
399.700000000022,0.999999999999999
399.800000000022,0.999999999999999
399.900000000022,0.999999999999999
400.000000000022,0.999999999999999
