0,0
0.1,1.74550152840089e-22
0.2,5.6166954607728e-18
0.3,2.16385416100139e-15
0.4,1.38829192005344e-13
0.5,3.38468142855118e-12
0.6,4.48785625059329e-11
0.7,3.90113273419424e-10
0.8,2.48277770543211e-09
0.9,1.24236696941152e-08
1,5.13360513332218e-08
1.1,1.81464465158483e-07
1.2,5.63374089794353e-07
1.3,1.56751234964987e-06
1.4,3.9711319200189e-06
1.5,9.27694630987748e-06
1.6,2.01904958502253e-05
1.7,4.12870780205192e-05
1.8,7.98852924054803e-05
1.9,0.000147123203495008
2,0.0002592067186418
2.1,0.000438771095639459
2.2,0.000716269318585683
2.3,0.00113127927647341
2.4,0.00173360857345668
2.5,0.00258407368129167
2.6,0.00375483995287611
2.7,0.00532923025483195
2.8,0.00740094083709362
2.9,0.0100726407049257
3,0.0134539717300369
3.1,0.0176590073698796
3.2,0.0228032647038896
3.3,0.0290003946339666
3.4,0.0363586964078733
3.5,0.0449776138893685
3.6,0.054944371922388
3.7,0.0663309022708938
3.8,0.0791911912162492
3.9,0.0935591567295456
4,0.109447134284776
4.1,0.126845019024541
4.2,0.145720080245189
4.3,0.166017433927521
4.4,0.187661131874981
4.5,0.210555803120621
4.6,0.234588765405109
4.7,0.259632512088983
4.8,0.285547472858602
4.9,0.312184944723824
5,0.339390092551858
5.1,0.367004925029813
5.2,0.394871161689499
5.3,0.422832918614
5.4,0.450739153842129
5.5,0.47844582751793
5.6,0.50581774581021
5.7,0.532730070974597
5.8,0.55906949219077
5.9,0.584735062645979
5.99999999999999,0.609638717535685
6.09999999999999,0.633705495103116
6.19999999999999,0.656873488524537
6.29999999999999,0.679093560426209
6.39999999999999,0.700328854212249
6.49999999999999,0.720554137353995
6.59999999999999,0.739755011533095
6.69999999999999,0.757927023249532
6.79999999999999,0.77507470641222
6.89999999999999,0.791210585727566
6.99999999999999,0.80635416658078
7.09999999999999,0.820530933737273
7.19999999999999,0.833771377726883
7.29999999999999,0.846110064337708
7.39999999999999,0.857584759341049
7.49999999999999,0.868235617472986
7.59999999999999,0.878104441868533
7.69999999999999,0.887234017618681
7.79999999999999,0.895667520919465
7.89999999999999,0.9034480034115
7.99999999999999,0.910617949762694
8.09999999999999,0.917218905311068
8.19999999999999,0.923291169637172
8.29999999999999,0.92887355125001
8.39999999999999,0.934003178117399
8.49999999999999,0.9387153585206
8.59999999999999,0.943043486633298
8.69999999999999,0.947018987286812
8.79999999999998,0.950671294558797
8.89999999999998,0.954027859086013
8.99999999999998,0.957114179329724
9.09999999999998,0.959953852394753
9.19999999999998,0.962568640402422
9.29999999999998,0.96497854882901
9.39999999999998,0.96720191363259
9.49999999999998,0.969255494392638
9.59999999999998,0.971154571071015
9.69999999999998,0.972913042364359
9.79999999999998,0.974543523952708
9.89999999999998,0.976057445254957
9.99999999999998,0.977465143577336
10.1,0.978775954786391
10.2,0.979998299853437
10.3,0.981139766804446
10.4,0.982207187769455
10.5,0.9832067109607
10.6,0.984143867521091
10.7,0.985023633276354
10.8,0.985850485497655
10.9,0.986628454838742
11,0.987361172654905
11.1,0.98805191394216
11.2,0.988703636155982
11.3,0.989319014181234
11.4,0.98990047173016
11.5,0.990450209444877
11.6,0.990970229975742
11.7,0.991462360298449
11.8,0.991928271521517
11.9,0.992369496422779
12,0.992787444939148
12.1,0.993183417818873
12.2,0.993558618630147
12.3,0.993914164304565
12.4,0.994251094378897
12.5,0.994570379084073
12.6,0.994872926416412
12.7,0.995159588312929
12.8,0.995431166040272
12.9,0.995688414895342
13,0.995932048305072
13.1,0.996162741403097
13.2,0.996381134152171
13.3,0.996587834073106
13.4,0.996783418633726
13.5,0.996968437344725
13.6,0.997143413603481
13.7,0.997308846321556
13.8,0.997465211366981
13.9,0.997612962848247
14,0.997752534263267
14.1,0.997884339533335
14.2,0.998008773939278
14.3,0.99812621497451
14.4,0.998237023127517
14.5,0.998341542604442
14.6,0.998440102000774
14.7,0.99853301492974
14.8,0.998620580613775
14.9,0.998703084444407
15,0.998780798514968
15.1,0.998853982129797
15.2,0.998922882292937
15.3,0.998987734178772
15.4,0.999048761586597
15.5,0.999106177380694
15.6,0.999160183917189
15.7,0.99921097345867
15.8,0.999258728577346
15.9,0.999303622547311
16,0.999345819726358
16.1,0.999385475927667
16.2,0.999422738781566
16.3,0.99945774808754
16.4,0.999490636156574
16.5,0.999521528143885
16.6,0.999550542372083
16.7,0.999577790644769
16.8,0.999603378550578
16.9,0.999627405757672
17,0.999649966298695
17.1,0.999671148846201
17.2,0.999691036978593
17.3,0.999709709436605
17.4,0.999727240370387
17.5,0.999743699577273
17.6,0.999759152730311
17.7,0.999773661597674
17.8,0.999787284253068
17.9,0.99980007527727
18,0.999812085950972
18.1,0.999823364439075
18.2,0.999833955966632
18.3,0.999843902986633
18.4,0.999853245339823
18.5,0.999862020406787
18.6,0.999870263252513
18.7,0.999878006763667
18.8,0.999885281778811
18.9,0.999892117211813
19,0.999898540168683
19.1,0.999904576058085
19.2,0.99991024869577
19.3,0.999915580403176
19.4,0.999920592100444
19.5,0.999925303394084
19.6,0.999929732659537
19.7,0.999933897118876
19.8,0.999937812913862
19.9,0.999941495174598
20,0.999944958083996
20.1,0.999948214938271
20.2,0.999951278203682
20.3,0.999954159569706
20.4,0.999956869998863
20.5,0.99995941977336
20.6,0.999961818538754
20.7,0.999964075344795
20.8,0.999966198683624
20.9,0.999968196525488
21,0.999970076352107
21.1,0.99997184518787
21.2,0.999973509628965
21.3,0.99997507587059
21.4,0.999976549732375
21.5,0.999977936682111
21.6,0.999979241857921
21.7,0.999980470088956
21.8,0.999981625914733
21.9,0.999982713603183
22,0.999983737167524
22.1,0.999984700382017
22.2,0.999985606796692
22.3,0.999986459751108
22.4,0.999987262387224
22.5,0.999988017661429
22.6000000000001,0.9999887283558
22.7000000000001,0.999989397088629
22.8000000000001,0.99999002632429
22.9000000000001,0.999990618382464
23.0000000000001,0.999991175446789
23.1000000000001,0.999991699572964
23.2000000000001,0.999992192696344
23.3000000000001,0.999992656639065
23.4000000000001,0.999993093116725
23.5000000000001,0.999993503744657
23.6000000000001,0.999993890043816
23.7000000000001,0.999994253446312
23.8000000000001,0.999994595300602
23.9000000000001,0.999994916876375
24.0000000000001,0.99999521936914
24.1000000000001,0.999995503904548
24.2000000000001,0.999995771542445
24.3000000000001,0.999996023280703
24.4000000000001,0.999996260058809
24.5000000000001,0.999996482761252
24.6000000000001,0.999996692220714
24.7000000000001,0.999996889221073
24.8000000000001,0.999997074500227
24.9000000000001,0.999997248752763
25.0000000000001,0.999997412632468
25.1000000000001,0.999997566754691
25.2000000000001,0.99999771169858
25.3000000000001,0.999997848009178
25.4000000000001,0.999997976199408
25.5000000000001,0.99999809675194
25.6000000000001,0.999998210120949
25.7000000000001,0.999998316733782
25.8000000000001,0.999998416992513
25.9000000000001,0.999998511275427
26.0000000000001,0.999998599938406
26.1000000000001,0.999998683316238
26.2000000000001,0.999998761723858
26.3000000000001,0.999998835457508
26.4000000000001,0.999998904795836
26.5000000000001,0.99999897000093
26.6000000000001,0.999999031319292
26.7000000000001,0.999999088982759
26.8000000000001,0.999999143209365
26.9000000000001,0.999999194204158
27.0000000000001,0.999999242159965
27.1000000000001,0.999999287258121
27.2000000000001,0.999999329669144
27.3000000000001,0.999999369553379
27.4000000000001,0.999999407061601
27.5000000000001,0.999999442335587
27.6000000000001,0.999999475508645
27.7000000000001,0.999999506706124
27.8000000000001,0.999999536045884
27.9000000000001,0.999999563638745
28.0000000000001,0.999999589588903
28.1000000000001,0.999999613994332
28.2000000000001,0.999999636947148
28.3000000000001,0.999999658533964
28.4000000000001,0.999999678836218
28.5000000000001,0.999999697930481
28.6000000000001,0.999999715888748
28.7000000000001,0.999999732778714
28.8000000000001,0.999999748664029
28.9000000000001,0.999999763604542
29.0000000000001,0.999999777656528
29.1000000000001,0.9999997908729
29.2000000000001,0.999999803303414
29.3000000000001,0.999999814994853
29.4000000000001,0.999999825991211
29.5000000000001,0.999999836333855
29.6000000000002,0.999999846061686
29.7000000000002,0.999999855211283
29.8000000000002,0.999999863817044
29.9000000000002,0.999999871911318
30.0000000000002,0.999999879524525
30.1000000000002,0.999999886685271
30.2000000000002,0.99999989342046
30.3000000000002,0.999999899755392
30.4000000000002,0.999999905713861
30.5000000000002,0.999999911318245
30.6000000000002,0.999999916589588
30.7000000000002,0.999999921547683
30.8000000000002,0.999999926211147
30.9000000000002,0.999999930597486
31.0000000000002,0.999999934723167
31.1000000000002,0.999999938603678
31.2000000000002,0.999999942253585
31.3000000000002,0.999999945686589
31.4000000000002,0.999999948915576
31.5000000000002,0.999999951952666
31.6000000000002,0.99999995480926
31.7000000000002,0.99999995749608
31.8000000000002,0.999999960023213
31.9000000000002,0.999999962400144
32.0000000000002,0.999999964635797
32.1000000000002,0.999999966738564
32.2000000000002,0.999999968716342
32.3000000000002,0.999999970576555
32.4000000000002,0.999999972326188
32.5000000000002,0.999999973971811
32.6000000000002,0.999999975519604
32.7000000000002,0.99999997697538
32.8000000000002,0.999999978344607
32.9000000000002,0.999999979632427
33.0000000000002,0.999999980843678
33.1000000000002,0.999999981982911
33.2000000000002,0.999999983054405
33.3000000000002,0.999999984062187
33.4000000000002,0.999999985010043
33.5000000000002,0.999999985901534
33.6000000000002,0.999999986740013
33.7000000000002,0.999999987528629
33.8000000000002,0.999999988270348
33.9000000000002,0.999999988967956
34.0000000000002,0.999999989624077
34.1000000000002,0.999999990241176
34.2000000000002,0.999999990821575
34.3000000000002,0.999999991367456
34.4000000000002,0.99999999188087
34.5000000000002,0.999999992363749
34.6000000000002,0.999999992817908
34.7000000000002,0.999999993245055
34.8000000000002,0.999999993646797
34.9000000000002,0.999999994024644
35.0000000000002,0.999999994380018
35.1000000000002,0.999999994714255
35.2000000000002,0.999999995028612
35.3000000000002,0.999999995324272
35.4000000000002,0.999999995602347
35.5000000000002,0.999999995863883
35.6000000000002,0.999999996109863
35.7000000000002,0.999999996341213
35.8000000000002,0.999999996558803
35.9000000000002,0.999999996763451
36.0000000000002,0.999999996955928
36.1000000000002,0.999999997136957
36.2000000000002,0.999999997307219
36.3000000000002,0.999999997467355
36.4000000000002,0.999999997617967
36.5000000000002,0.999999997759621
36.6000000000003,0.99999999789285
36.7000000000003,0.999999998018156
36.8000000000003,0.99999999813601
36.9000000000003,0.999999998246855
37.0000000000003,0.999999998351108
37.1000000000003,0.99999999844916
37.2000000000003,0.999999998541382
37.3000000000003,0.999999998628119
37.4000000000003,0.999999998709698
37.5000000000003,0.999999998786425
37.6000000000003,0.99999999885859
37.7000000000003,0.999999998926463
37.8000000000003,0.9999999989903
37.9000000000003,0.999999999050341
38.0000000000003,0.999999999106811
38.1000000000003,0.999999999159924
38.2000000000003,0.999999999209878
38.3000000000003,0.999999999256861
38.4000000000003,0.999999999301051
38.5000000000003,0.999999999342613
38.6000000000003,0.999999999381703
38.7000000000003,0.999999999418469
38.8000000000003,0.999999999453049
38.9000000000003,0.999999999485573
39.0000000000003,0.999999999516162
39.1000000000003,0.999999999544933
39.2000000000003,0.999999999571993
39.3000000000003,0.999999999597444
39.4000000000003,0.999999999621381
39.5000000000003,0.999999999643895
39.6000000000003,0.99999999966507
39.7000000000003,0.999999999684987
39.8000000000003,0.999999999703718
39.9000000000003,0.999999999721336
40.0000000000003,0.999999999737907
40.1000000000003,0.999999999753492
40.2000000000003,0.99999999976815
40.3000000000003,0.999999999781937
40.4000000000003,0.999999999794904
40.5000000000003,0.9999999998071
40.6000000000003,0.999999999818571
40.7000000000003,0.999999999829359
40.8000000000003,0.999999999839506
40.9000000000003,0.99999999984905
41.0000000000003,0.999999999858026
41.1000000000003,0.999999999866469
41.2000000000003,0.999999999874409
41.3000000000003,0.999999999881877
41.4000000000003,0.999999999888902
41.5000000000003,0.999999999895508
41.6000000000003,0.999999999901722
41.7000000000003,0.999999999907566
41.8000000000003,0.999999999913062
41.9000000000003,0.999999999918232
42.0000000000003,0.999999999923094
42.1000000000003,0.999999999927668
42.2000000000003,0.999999999931969
42.3000000000003,0.999999999936014
42.4000000000003,0.999999999939819
42.5000000000003,0.999999999943398
42.6000000000003,0.999999999946764
42.7000000000003,0.999999999949929
42.8000000000003,0.999999999952907
42.9000000000003,0.999999999955707
43.0000000000003,0.999999999958341
43.1000000000003,0.999999999960818
43.2000000000003,0.999999999963148
43.3000000000003,0.99999999996534
43.4000000000003,0.999999999967401
43.5000000000003,0.999999999969339
43.6000000000003,0.999999999971162
43.7000000000004,0.999999999972877
43.8000000000004,0.99999999997449
43.9000000000004,0.999999999976007
44.0000000000004,0.999999999977433
44.1000000000004,0.999999999978775
44.2000000000004,0.999999999980037
44.3000000000004,0.999999999981224
44.4000000000004,0.999999999982341
44.5000000000004,0.999999999983391
44.6000000000004,0.999999999984378
44.7000000000004,0.999999999985307
44.8000000000004,0.999999999986181
44.9000000000004,0.999999999987003
45.0000000000004,0.999999999987775
45.1000000000004,0.999999999988502
45.2000000000004,0.999999999989186
45.3000000000004,0.999999999989829
45.4000000000004,0.999999999990434
45.5000000000004,0.999999999991002
45.6000000000004,0.999999999991537
45.7000000000004,0.99999999999204
45.8000000000004,0.999999999992514
45.9000000000004,0.999999999992959
46.0000000000004,0.999999999993377
46.1000000000004,0.999999999993771
46.2000000000004,0.999999999994141
46.3000000000004,0.99999999999449
46.4000000000004,0.999999999994817
46.5000000000004,0.999999999995125
46.6000000000004,0.999999999995415
46.7000000000004,0.999999999995688
46.8000000000004,0.999999999995944
46.9000000000004,0.999999999996185
47.0000000000004,0.999999999996412
47.1000000000004,0.999999999996625
47.2000000000004,0.999999999996826
47.3000000000004,0.999999999997014
47.4000000000004,0.999999999997192
47.5000000000004,0.999999999997359
47.6000000000004,0.999999999997516
47.7000000000004,0.999999999997663
47.8000000000004,0.999999999997802
47.9000000000004,0.999999999997933
48.0000000000004,0.999999999998056
48.1000000000004,0.999999999998171
48.2000000000004,0.99999999999828
48.3000000000004,0.999999999998382
48.4000000000004,0.999999999998478
48.5000000000004,0.999999999998569
48.6000000000004,0.999999999998654
48.7000000000004,0.999999999998734
48.8000000000004,0.999999999998809
48.9000000000004,0.99999999999888
49.0000000000004,0.999999999998946
49.1000000000004,0.999999999999009
49.2000000000004,0.999999999999068
49.3000000000004,0.999999999999123
49.4000000000004,0.999999999999175
49.5000000000004,0.999999999999224
49.6000000000004,0.99999999999927
49.7000000000004,0.999999999999313
49.8000000000004,0.999999999999354
49.9000000000004,0.999999999999392
50.0000000000004,0.999999999999428
50.1000000000004,0.999999999999462
50.2000000000004,0.999999999999494
50.3000000000004,0.999999999999524
50.4000000000004,0.999999999999552
50.5000000000004,0.999999999999579
50.6000000000004,0.999999999999604
50.7000000000005,0.999999999999627
50.8000000000005,0.999999999999649
50.9000000000005,0.99999999999967
51.0000000000005,0.99999999999969
51.1000000000005,0.999999999999708
51.2000000000005,0.999999999999725
51.3000000000005,0.999999999999742
51.4000000000005,0.999999999999757
51.5000000000005,0.999999999999771
51.6000000000005,0.999999999999785
51.7000000000005,0.999999999999798
51.8000000000005,0.99999999999981
51.9000000000005,0.999999999999821
52.0000000000005,0.999999999999831
52.1000000000005,0.999999999999841
52.2000000000005,0.999999999999851
52.3000000000005,0.99999999999986
52.4000000000005,0.999999999999868
52.5000000000005,0.999999999999876
52.6000000000005,0.999999999999883
52.7000000000005,0.99999999999989
52.8000000000005,0.999999999999896
52.9000000000005,0.999999999999902
53.0000000000005,0.999999999999908
53.1000000000005,0.999999999999914
53.2000000000005,0.999999999999919
53.3000000000005,0.999999999999924
53.4000000000005,0.999999999999928
53.5000000000005,0.999999999999932
53.6000000000005,0.999999999999936
53.7000000000005,0.99999999999994
53.8000000000005,0.999999999999943
53.9000000000005,0.999999999999947
54.0000000000005,0.99999999999995
54.1000000000005,0.999999999999953
54.2000000000005,0.999999999999956
54.3000000000005,0.999999999999958
54.4000000000005,0.999999999999961
54.5000000000005,0.999999999999963
54.6000000000005,0.999999999999965
54.7000000000005,0.999999999999967
54.8000000000005,0.999999999999969
54.9000000000005,0.999999999999971
55.0000000000005,0.999999999999972
55.1000000000005,0.999999999999974
55.2000000000005,0.999999999999975
55.3000000000005,0.999999999999977
55.4000000000005,0.999999999999978
55.5000000000005,0.999999999999979
55.6000000000005,0.999999999999981
55.7000000000005,0.999999999999982
55.8000000000005,0.999999999999983
55.9000000000005,0.999999999999984
56.0000000000005,0.999999999999985
56.1000000000005,0.999999999999985
56.2000000000005,0.999999999999986
56.3000000000005,0.999999999999987
56.4000000000005,0.999999999999988
56.5000000000005,0.999999999999988
56.6000000000005,0.999999999999989
56.7000000000005,0.99999999999999
56.8000000000005,0.99999999999999
56.9000000000005,0.999999999999991
57.0000000000005,0.999999999999991
57.1000000000005,0.999999999999992
57.2000000000005,0.999999999999992
57.3000000000005,0.999999999999992
57.4000000000005,0.999999999999993
57.5000000000005,0.999999999999993
57.6000000000005,0.999999999999994
57.7000000000005,0.999999999999994
57.8000000000006,0.999999999999994
57.9000000000006,0.999999999999995
58.0000000000006,0.999999999999995
58.1000000000006,0.999999999999995
58.2000000000006,0.999999999999995
58.3000000000006,0.999999999999995
58.4000000000006,0.999999999999996
58.5000000000006,0.999999999999996
58.6000000000006,0.999999999999996
58.7000000000006,0.999999999999996
58.8000000000006,0.999999999999997
58.9000000000006,0.999999999999997
59.0000000000006,0.999999999999997
59.1000000000006,0.999999999999997
59.2000000000006,0.999999999999997
59.3000000000006,0.999999999999997
59.4000000000006,0.999999999999997
59.5000000000006,0.999999999999997
59.6000000000006,0.999999999999997
59.7000000000006,0.999999999999998
59.8000000000006,0.999999999999998
59.9000000000006,0.999999999999998
60.0000000000006,0.999999999999998
60.1000000000006,0.999999999999998
60.2000000000006,0.999999999999998
60.3000000000006,0.999999999999998
60.4000000000006,0.999999999999998
60.5000000000006,0.999999999999998
60.6000000000006,0.999999999999998
60.7000000000006,0.999999999999998
60.8000000000006,0.999999999999998
60.9000000000006,0.999999999999998
61.0000000000006,0.999999999999998
61.1000000000006,0.999999999999998
61.2000000000006,0.999999999999998
61.3000000000006,0.999999999999998
61.4000000000006,0.999999999999998
61.5000000000006,0.999999999999998
61.6000000000006,0.999999999999998
61.7000000000006,0.999999999999998
61.8000000000006,0.999999999999998
61.9000000000006,0.999999999999998
62.0000000000006,0.999999999999998
62.1000000000006,0.999999999999998
62.2000000000006,0.999999999999998
62.3000000000006,0.999999999999998
62.4000000000006,0.999999999999998
62.5000000000006,0.999999999999998
62.6000000000006,0.999999999999998
62.7000000000006,0.999999999999998
62.8000000000006,0.999999999999998
62.9000000000006,0.999999999999998
63.0000000000006,0.999999999999998
63.1000000000006,0.999999999999998
63.2000000000006,0.999999999999998
63.3000000000006,0.999999999999998
63.4000000000006,0.999999999999998
63.5000000000006,0.999999999999998
63.6000000000006,0.999999999999998
63.7000000000006,0.999999999999998
63.8000000000006,0.999999999999998
63.9000000000006,0.999999999999998
64.0000000000006,0.999999999999998
64.1000000000006,0.999999999999998
64.2000000000006,0.999999999999998
64.3000000000006,0.999999999999998
64.4000000000006,0.999999999999998
64.5000000000006,0.999999999999998
64.6000000000006,0.999999999999998
64.7000000000006,0.999999999999998
64.8000000000006,0.999999999999998
64.9000000000006,0.999999999999998
65.0000000000006,0.999999999999998
65.1000000000006,0.999999999999998
65.2000000000006,0.999999999999998
65.3000000000006,0.999999999999998
65.4000000000006,0.999999999999998
65.5000000000006,0.999999999999998
65.6000000000005,0.999999999999998
65.7000000000005,0.999999999999998
65.8000000000005,0.999999999999998
65.9000000000005,0.999999999999998
66.0000000000005,0.999999999999998
66.1000000000005,0.999999999999998
66.2000000000005,0.999999999999998
66.3000000000005,0.999999999999998
66.4000000000005,0.999999999999998
66.5000000000005,0.999999999999998
66.6000000000005,0.999999999999998
66.7000000000005,0.999999999999998
66.8000000000005,0.999999999999998
66.9000000000005,0.999999999999998
67.0000000000005,0.999999999999998
67.1000000000005,0.999999999999998
67.2000000000005,0.999999999999998
67.3000000000005,0.999999999999998
67.4000000000004,0.999999999999998
67.5000000000004,0.999999999999998
67.6000000000004,0.999999999999998
67.7000000000004,0.999999999999998
67.8000000000004,0.999999999999998
67.9000000000004,0.999999999999998
68.0000000000004,0.999999999999998
68.1000000000004,0.999999999999998
68.2000000000004,0.999999999999998
68.3000000000004,0.999999999999998
68.4000000000004,0.999999999999998
68.5000000000004,0.999999999999998
68.6000000000004,0.999999999999998
68.7000000000004,0.999999999999998
68.8000000000004,0.999999999999998
68.9000000000004,0.999999999999998
69.0000000000004,0.999999999999998
69.1000000000003,0.999999999999998
69.2000000000003,0.999999999999998
69.3000000000003,0.999999999999998
69.4000000000003,0.999999999999998
69.5000000000003,0.999999999999998
69.6000000000003,0.999999999999998
69.7000000000003,0.999999999999998
69.8000000000003,0.999999999999998
69.9000000000003,0.999999999999998
70.0000000000003,0.999999999999998
70.1000000000003,0.999999999999998
70.2000000000003,0.999999999999998
70.3000000000003,0.999999999999998
70.4000000000003,0.999999999999998
70.5000000000003,0.999999999999998
70.6000000000003,0.999999999999998
70.7000000000003,0.999999999999998
70.8000000000003,0.999999999999998
70.9000000000002,0.999999999999998
71.0000000000002,0.999999999999998
71.1000000000002,0.999999999999998
71.2000000000002,0.999999999999998
71.3000000000002,0.999999999999998
71.4000000000002,0.999999999999998
71.5000000000002,0.999999999999998
71.6000000000002,0.999999999999998
71.7000000000002,0.999999999999998
71.8000000000002,0.999999999999998
71.9000000000002,0.999999999999998
72.0000000000002,0.999999999999998
72.1000000000002,0.999999999999998
72.2000000000002,0.999999999999998
72.3000000000002,0.999999999999998
72.4000000000002,0.999999999999998
72.5000000000002,0.999999999999998
72.6000000000002,0.999999999999998
72.7000000000001,0.999999999999998
72.8000000000001,0.999999999999998
72.9000000000001,0.999999999999998
73.0000000000001,0.999999999999998
73.1000000000001,0.999999999999998
73.2000000000001,0.999999999999998
73.3000000000001,0.999999999999998
73.4000000000001,0.999999999999998
73.5000000000001,0.999999999999998
73.6000000000001,0.999999999999998
73.7000000000001,0.999999999999998
73.8000000000001,0.999999999999998
73.9000000000001,0.999999999999998
74.0000000000001,0.999999999999998
74.1000000000001,0.999999999999998
74.2000000000001,0.999999999999998
74.3000000000001,0.999999999999998
74.4,0.999999999999998
74.5,0.999999999999998
74.6,0.999999999999998
74.7,0.999999999999998
74.8,0.999999999999998
74.9,0.999999999999998
75,0.999999999999998
75.1,0.999999999999998
75.2,0.999999999999998
75.3,0.999999999999998
75.4,0.999999999999998
75.5,0.999999999999998
75.6,0.999999999999998
75.7,0.999999999999998
75.8,0.999999999999998
75.9,0.999999999999998
76,0.999999999999998
76.1,0.999999999999998
76.1999999999999,0.999999999999998
76.2999999999999,0.999999999999998
76.3999999999999,0.999999999999998
76.4999999999999,0.999999999999998
76.5999999999999,0.999999999999998
76.6999999999999,0.999999999999998
76.7999999999999,0.999999999999998
76.8999999999999,0.999999999999998
76.9999999999999,0.999999999999998
77.0999999999999,0.999999999999998
77.1999999999999,0.999999999999998
77.2999999999999,0.999999999999998
77.3999999999999,0.999999999999998
77.4999999999999,0.999999999999998
77.5999999999999,0.999999999999998
77.6999999999999,0.999999999999998
77.7999999999999,0.999999999999998
77.8999999999998,0.999999999999998
77.9999999999998,0.999999999999998
78.0999999999998,0.999999999999998
78.1999999999998,0.999999999999998
78.2999999999998,0.999999999999998
78.3999999999998,0.999999999999998
78.4999999999998,0.999999999999998
78.5999999999998,0.999999999999998
78.6999999999998,0.999999999999998
78.7999999999998,0.999999999999998
78.8999999999998,0.999999999999998
78.9999999999998,0.999999999999998
79.0999999999998,0.999999999999998
79.1999999999998,0.999999999999998
79.2999999999998,0.999999999999998
79.3999999999998,0.999999999999998
79.4999999999998,0.999999999999998
79.5999999999998,0.999999999999998
79.6999999999997,0.999999999999998
79.7999999999997,0.999999999999998
79.8999999999997,0.999999999999998
79.9999999999997,0.999999999999998
80.0999999999997,0.999999999999998
80.1999999999997,0.999999999999998
80.2999999999997,0.999999999999998
80.3999999999997,0.999999999999998
80.4999999999997,0.999999999999998
80.5999999999997,0.999999999999998
80.6999999999997,0.999999999999998
80.7999999999997,0.999999999999998
80.8999999999997,0.999999999999998
80.9999999999997,0.999999999999998
81.0999999999997,0.999999999999998
81.1999999999997,0.999999999999998
81.2999999999997,0.999999999999998
81.3999999999997,0.999999999999998
81.4999999999996,0.999999999999998
81.5999999999996,0.999999999999998
81.6999999999996,0.999999999999998
81.7999999999996,0.999999999999998
81.8999999999996,0.999999999999998
81.9999999999996,0.999999999999998
82.0999999999996,0.999999999999998
82.1999999999996,0.999999999999998
82.2999999999996,0.999999999999998
82.3999999999996,0.999999999999998
82.4999999999996,0.999999999999998
82.5999999999996,0.999999999999998
82.6999999999996,0.999999999999998
82.7999999999996,0.999999999999998
82.8999999999996,0.999999999999998
82.9999999999996,0.999999999999998
83.0999999999996,0.999999999999998
83.1999999999995,0.999999999999998
83.2999999999995,0.999999999999998
83.3999999999995,0.999999999999998
83.4999999999995,0.999999999999998
83.5999999999995,0.999999999999998
83.6999999999995,0.999999999999998
83.7999999999995,0.999999999999998
83.8999999999995,0.999999999999998
83.9999999999995,0.999999999999998
84.0999999999995,0.999999999999998
84.1999999999995,0.999999999999998
84.2999999999995,0.999999999999998
84.3999999999995,0.999999999999998
84.4999999999995,0.999999999999998
84.5999999999995,0.999999999999998
84.6999999999995,0.999999999999998
84.7999999999995,0.999999999999998
84.8999999999995,0.999999999999998
84.9999999999994,0.999999999999998
85.0999999999994,0.999999999999998
85.1999999999994,0.999999999999998
85.2999999999994,0.999999999999998
85.3999999999994,0.999999999999998
85.4999999999994,0.999999999999998
85.5999999999994,0.999999999999998
85.6999999999994,0.999999999999998
85.7999999999994,0.999999999999998
85.8999999999994,0.999999999999998
85.9999999999994,0.999999999999998
86.0999999999994,0.999999999999998
86.1999999999994,0.999999999999998
86.2999999999994,0.999999999999998
86.3999999999994,0.999999999999998
86.4999999999994,0.999999999999998
86.5999999999994,0.999999999999998
86.6999999999993,0.999999999999998
86.7999999999993,0.999999999999998
86.8999999999993,0.999999999999998
86.9999999999993,0.999999999999998
87.0999999999993,0.999999999999998
87.1999999999993,0.999999999999998
87.2999999999993,0.999999999999998
87.3999999999993,0.999999999999998
87.4999999999993,0.999999999999998
87.5999999999993,0.999999999999998
87.6999999999993,0.999999999999998
87.7999999999993,0.999999999999998
87.8999999999993,0.999999999999998
87.9999999999993,0.999999999999998
88.0999999999993,0.999999999999998
88.1999999999993,0.999999999999998
88.2999999999993,0.999999999999998
88.3999999999993,0.999999999999998
88.4999999999992,0.999999999999998
88.5999999999992,0.999999999999998
88.6999999999992,0.999999999999998
88.7999999999992,0.999999999999998
88.8999999999992,0.999999999999998
88.9999999999992,0.999999999999998
89.0999999999992,0.999999999999998
89.1999999999992,0.999999999999998
89.2999999999992,0.999999999999998
89.3999999999992,0.999999999999998
89.4999999999992,0.999999999999998
89.5999999999992,0.999999999999998
89.6999999999992,0.999999999999998
89.7999999999992,0.999999999999998
89.8999999999992,0.999999999999998
89.9999999999992,0.999999999999998
90.0999999999992,0.999999999999998
90.1999999999992,0.999999999999998
90.2999999999991,0.999999999999998
90.3999999999991,0.999999999999998
90.4999999999991,0.999999999999998
90.5999999999991,0.999999999999998
90.6999999999991,0.999999999999998
90.7999999999991,0.999999999999998
90.8999999999991,0.999999999999998
90.9999999999991,0.999999999999998
91.0999999999991,0.999999999999998
91.1999999999991,0.999999999999998
91.2999999999991,0.999999999999998
91.3999999999991,0.999999999999998
91.4999999999991,0.999999999999998
91.5999999999991,0.999999999999998
91.6999999999991,0.999999999999998
91.7999999999991,0.999999999999998
91.8999999999991,0.999999999999998
91.999999999999,0.999999999999998
92.099999999999,0.999999999999998
92.199999999999,0.999999999999998
92.299999999999,0.999999999999998
92.399999999999,0.999999999999998
92.499999999999,0.999999999999998
92.599999999999,0.999999999999998
92.699999999999,0.999999999999998
92.799999999999,0.999999999999998
92.899999999999,0.999999999999998
92.999999999999,0.999999999999998
93.099999999999,0.999999999999998
93.199999999999,0.999999999999998
93.299999999999,0.999999999999998
93.399999999999,0.999999999999998
93.499999999999,0.999999999999998
93.599999999999,0.999999999999998
93.699999999999,0.999999999999998
93.7999999999989,0.999999999999998
93.8999999999989,0.999999999999998
93.9999999999989,0.999999999999998
94.0999999999989,0.999999999999998
94.1999999999989,0.999999999999998
94.2999999999989,0.999999999999998
94.3999999999989,0.999999999999998
94.4999999999989,0.999999999999998
94.5999999999989,0.999999999999998
94.6999999999989,0.999999999999998
94.7999999999989,0.999999999999998
94.8999999999989,0.999999999999998
94.9999999999989,0.999999999999998
95.0999999999989,0.999999999999998
95.1999999999989,0.999999999999998
95.2999999999989,0.999999999999998
95.3999999999989,0.999999999999998
95.4999999999988,0.999999999999998
95.5999999999988,0.999999999999998
95.6999999999988,0.999999999999998
95.7999999999988,0.999999999999998
95.8999999999988,0.999999999999998
95.9999999999988,0.999999999999998
96.0999999999988,0.999999999999998
96.1999999999988,0.999999999999998
96.2999999999988,0.999999999999998
96.3999999999988,0.999999999999998
96.4999999999988,0.999999999999998
96.5999999999988,0.999999999999998
96.6999999999988,0.999999999999998
96.7999999999988,0.999999999999998
96.8999999999988,0.999999999999998
96.9999999999988,0.999999999999998
97.0999999999988,0.999999999999998
97.1999999999988,0.999999999999998
97.2999999999987,0.999999999999998
97.3999999999987,0.999999999999998
97.4999999999987,0.999999999999998
97.5999999999987,0.999999999999998
97.6999999999987,0.999999999999998
97.7999999999987,0.999999999999998
97.8999999999987,0.999999999999998
97.9999999999987,0.999999999999998
98.0999999999987,0.999999999999998
98.1999999999987,0.999999999999998
98.2999999999987,0.999999999999998
98.3999999999987,0.999999999999998
98.4999999999987,0.999999999999998
98.5999999999987,0.999999999999998
98.6999999999987,0.999999999999998
98.7999999999987,0.999999999999998
98.8999999999987,0.999999999999998
98.9999999999986,0.999999999999998
99.0999999999986,0.999999999999998
99.1999999999986,0.999999999999998
99.2999999999986,0.999999999999998
99.3999999999986,0.999999999999998
99.4999999999986,0.999999999999998
99.5999999999986,0.999999999999998
99.6999999999986,0.999999999999998
99.7999999999986,0.999999999999998
99.8999999999986,0.999999999999998
99.9999999999986,0.999999999999998
100.099999999999,0.999999999999998
100.199999999999,0.999999999999998
100.299999999999,0.999999999999998
100.399999999999,0.999999999999998
100.499999999999,0.999999999999998
100.599999999999,0.999999999999998
100.699999999999,0.999999999999998
100.799999999999,0.999999999999998
100.899999999999,0.999999999999998
100.999999999999,0.999999999999998
101.099999999999,0.999999999999998
101.199999999999,0.999999999999998
101.299999999999,0.999999999999998
101.399999999999,0.999999999999998
101.499999999999,0.999999999999998
101.599999999999,0.999999999999998
101.699999999998,0.999999999999998
101.799999999998,0.999999999999998
101.899999999998,0.999999999999998
101.999999999998,0.999999999999998
102.099999999998,0.999999999999998
102.199999999998,0.999999999999998
102.299999999998,0.999999999999998
102.399999999998,0.999999999999998
102.499999999998,0.999999999999998
102.599999999998,0.999999999999998
102.699999999998,0.999999999999998
102.799999999998,0.999999999999998
102.899999999998,0.999999999999998
102.999999999998,0.999999999999998
103.099999999998,0.999999999999998
103.199999999998,0.999999999999998
103.299999999998,0.999999999999998
103.399999999998,0.999999999999998
103.499999999998,0.999999999999998
103.599999999998,0.999999999999998
103.699999999998,0.999999999999998
103.799999999998,0.999999999999998
103.899999999998,0.999999999999998
103.999999999998,0.999999999999998
104.099999999998,0.999999999999998
104.199999999998,0.999999999999998
104.299999999998,0.999999999999998
104.399999999998,0.999999999999998
104.499999999998,0.999999999999998
104.599999999998,0.999999999999998
104.699999999998,0.999999999999998
104.799999999998,0.999999999999998
104.899999999998,0.999999999999998
104.999999999998,0.999999999999998
105.099999999998,0.999999999999998
105.199999999998,0.999999999999998
105.299999999998,0.999999999999998
105.399999999998,0.999999999999998
105.499999999998,0.999999999999998
105.599999999998,0.999999999999998
105.699999999998,0.999999999999998
105.799999999998,0.999999999999998
105.899999999998,0.999999999999998
105.999999999998,0.999999999999998
106.099999999998,0.999999999999998
106.199999999998,0.999999999999998
106.299999999998,0.999999999999998
106.399999999998,0.999999999999998
106.499999999998,0.999999999999998
106.599999999998,0.999999999999998
106.699999999998,0.999999999999998
106.799999999998,0.999999999999998
106.899999999998,0.999999999999998
106.999999999998,0.999999999999998
107.099999999998,0.999999999999998
107.199999999998,0.999999999999998
107.299999999998,0.999999999999998
107.399999999998,0.999999999999998
107.499999999998,0.999999999999998
107.599999999998,0.999999999999998
107.699999999998,0.999999999999998
107.799999999998,0.999999999999998
107.899999999998,0.999999999999998
107.999999999998,0.999999999999998
108.099999999998,0.999999999999998
108.199999999998,0.999999999999998
108.299999999998,0.999999999999998
108.399999999998,0.999999999999998
108.499999999998,0.999999999999998
108.599999999998,0.999999999999998
108.699999999998,0.999999999999998
108.799999999998,0.999999999999998
108.899999999998,0.999999999999998
108.999999999998,0.999999999999998
109.099999999998,0.999999999999998
109.199999999998,0.999999999999998
109.299999999998,0.999999999999998
109.399999999998,0.999999999999998
109.499999999998,0.999999999999998
109.599999999998,0.999999999999998
109.699999999998,0.999999999999998
109.799999999998,0.999999999999998
109.899999999998,0.999999999999998
109.999999999998,0.999999999999998
110.099999999998,0.999999999999998
110.199999999998,0.999999999999998
110.299999999998,0.999999999999998
110.399999999998,0.999999999999998
110.499999999998,0.999999999999998
110.599999999998,0.999999999999998
110.699999999998,0.999999999999998
110.799999999998,0.999999999999998
110.899999999998,0.999999999999998
110.999999999998,0.999999999999998
111.099999999998,0.999999999999998
111.199999999998,0.999999999999998
111.299999999998,0.999999999999998
111.399999999998,0.999999999999998
111.499999999998,0.999999999999998
111.599999999998,0.999999999999998
111.699999999998,0.999999999999998
111.799999999998,0.999999999999998
111.899999999998,0.999999999999998
111.999999999998,0.999999999999998
112.099999999998,0.999999999999998
112.199999999998,0.999999999999998
112.299999999998,0.999999999999998
112.399999999998,0.999999999999998
112.499999999998,0.999999999999998
112.599999999998,0.999999999999998
112.699999999998,0.999999999999998
112.799999999998,0.999999999999998
112.899999999998,0.999999999999998
112.999999999998,0.999999999999998
113.099999999998,0.999999999999998
113.199999999998,0.999999999999998
113.299999999998,0.999999999999998
113.399999999998,0.999999999999998
113.499999999998,0.999999999999998
113.599999999998,0.999999999999998
113.699999999998,0.999999999999998
113.799999999998,0.999999999999998
113.899999999998,0.999999999999998
113.999999999998,0.999999999999998
114.099999999998,0.999999999999998
114.199999999998,0.999999999999998
114.299999999998,0.999999999999998
114.399999999998,0.999999999999998
114.499999999998,0.999999999999998
114.599999999998,0.999999999999998
114.699999999998,0.999999999999998
114.799999999998,0.999999999999998
114.899999999998,0.999999999999998
114.999999999998,0.999999999999998
115.099999999998,0.999999999999998
115.199999999998,0.999999999999998
115.299999999998,0.999999999999998
115.399999999998,0.999999999999998
115.499999999998,0.999999999999998
115.599999999998,0.999999999999998
115.699999999998,0.999999999999998
115.799999999998,0.999999999999998
115.899999999998,0.999999999999998
115.999999999998,0.999999999999998
116.099999999998,0.999999999999998
116.199999999998,0.999999999999998
116.299999999998,0.999999999999998
116.399999999998,0.999999999999998
116.499999999998,0.999999999999998
116.599999999998,0.999999999999998
116.699999999998,0.999999999999998
116.799999999998,0.999999999999998
116.899999999998,0.999999999999998
116.999999999998,0.999999999999998
117.099999999998,0.999999999999998
117.199999999998,0.999999999999998
117.299999999998,0.999999999999998
117.399999999998,0.999999999999998
117.499999999998,0.999999999999998
117.599999999998,0.999999999999998
117.699999999998,0.999999999999998
117.799999999998,0.999999999999998
117.899999999998,0.999999999999998
117.999999999998,0.999999999999998
118.099999999998,0.999999999999998
118.199999999998,0.999999999999998
118.299999999998,0.999999999999998
118.399999999998,0.999999999999998
118.499999999998,0.999999999999998
118.599999999998,0.999999999999998
118.699999999998,0.999999999999998
118.799999999998,0.999999999999998
118.899999999998,0.999999999999998
118.999999999998,0.999999999999998
119.099999999998,0.999999999999998
119.199999999998,0.999999999999998
119.299999999997,0.999999999999998
119.399999999997,0.999999999999998
119.499999999997,0.999999999999998
119.599999999997,0.999999999999998
119.699999999997,0.999999999999998
119.799999999997,0.999999999999998
119.899999999997,0.999999999999998
119.999999999997,0.999999999999998
120.099999999997,0.999999999999998
120.199999999997,0.999999999999998
120.299999999997,0.999999999999998
120.399999999997,0.999999999999998
120.499999999997,0.999999999999998
120.599999999997,0.999999999999998
120.699999999997,0.999999999999998
120.799999999997,0.999999999999998
120.899999999997,0.999999999999998
120.999999999997,0.999999999999998
121.099999999997,0.999999999999998
121.199999999997,0.999999999999998
121.299999999997,0.999999999999998
121.399999999997,0.999999999999998
121.499999999997,0.999999999999998
121.599999999997,0.999999999999998
121.699999999997,0.999999999999998
121.799999999997,0.999999999999998
121.899999999997,0.999999999999998
121.999999999997,0.999999999999998
122.099999999997,0.999999999999998
122.199999999997,0.999999999999998
122.299999999997,0.999999999999998
122.399999999997,0.999999999999998
122.499999999997,0.999999999999998
122.599999999997,0.999999999999998
122.699999999997,0.999999999999998
122.799999999997,0.999999999999998
122.899999999997,0.999999999999998
122.999999999997,0.999999999999998
123.099999999997,0.999999999999998
123.199999999997,0.999999999999998
123.299999999997,0.999999999999998
123.399999999997,0.999999999999998
123.499999999997,0.999999999999998
123.599999999997,0.999999999999998
123.699999999997,0.999999999999998
123.799999999997,0.999999999999998
123.899999999997,0.999999999999998
123.999999999997,0.999999999999998
124.099999999997,0.999999999999998
124.199999999997,0.999999999999998
124.299999999997,0.999999999999998
124.399999999997,0.999999999999998
124.499999999997,0.999999999999998
124.599999999997,0.999999999999998
124.699999999997,0.999999999999998
124.799999999997,0.999999999999998
124.899999999997,0.999999999999998
124.999999999997,0.999999999999998
125.099999999997,0.999999999999998
125.199999999997,0.999999999999998
125.299999999997,0.999999999999998
125.399999999997,0.999999999999998
125.499999999997,0.999999999999998
125.599999999997,0.999999999999998
125.699999999997,0.999999999999998
125.799999999997,0.999999999999998
125.899999999997,0.999999999999998
125.999999999997,0.999999999999998
126.099999999997,0.999999999999998
126.199999999997,0.999999999999998
126.299999999997,0.999999999999998
126.399999999997,0.999999999999998
126.499999999997,0.999999999999998
126.599999999997,0.999999999999998
126.699999999997,0.999999999999998
126.799999999997,0.999999999999998
126.899999999997,0.999999999999998
126.999999999997,0.999999999999998
127.099999999997,0.999999999999998
127.199999999997,0.999999999999998
127.299999999997,0.999999999999998
127.399999999997,0.999999999999998
127.499999999997,0.999999999999998
127.599999999997,0.999999999999998
127.699999999997,0.999999999999998
127.799999999997,0.999999999999998
127.899999999997,0.999999999999998
127.999999999997,0.999999999999998
128.099999999997,0.999999999999998
128.199999999997,0.999999999999998
128.299999999997,0.999999999999998
128.399999999997,0.999999999999998
128.499999999997,0.999999999999998
128.599999999997,0.999999999999998
128.699999999997,0.999999999999998
128.799999999997,0.999999999999998
128.899999999997,0.999999999999998
128.999999999997,0.999999999999998
129.099999999997,0.999999999999998
129.199999999997,0.999999999999998
129.299999999997,0.999999999999998
129.399999999997,0.999999999999998
129.499999999997,0.999999999999998
129.599999999997,0.999999999999998
129.699999999997,0.999999999999998
129.799999999997,0.999999999999998
129.899999999997,0.999999999999998
129.999999999997,0.999999999999998
130.099999999997,0.999999999999998
130.199999999997,0.999999999999998
130.299999999997,0.999999999999998
130.399999999997,0.999999999999998
130.499999999997,0.999999999999998
130.599999999997,0.999999999999998
130.699999999997,0.999999999999998
130.799999999997,0.999999999999998
130.899999999997,0.999999999999998
130.999999999997,0.999999999999998
131.099999999997,0.999999999999998
131.199999999997,0.999999999999998
131.299999999997,0.999999999999998
131.399999999997,0.999999999999998
131.499999999997,0.999999999999998
131.599999999997,0.999999999999998
131.699999999997,0.999999999999998
131.799999999997,0.999999999999998
131.899999999997,0.999999999999998
131.999999999997,0.999999999999998
132.099999999997,0.999999999999998
132.199999999997,0.999999999999998
132.299999999997,0.999999999999998
132.399999999997,0.999999999999998
132.499999999997,0.999999999999998
132.599999999997,0.999999999999998
132.699999999997,0.999999999999998
132.799999999997,0.999999999999998
132.899999999997,0.999999999999998
132.999999999997,0.999999999999998
133.099999999997,0.999999999999998
133.199999999997,0.999999999999998
133.299999999997,0.999999999999998
133.399999999997,0.999999999999998
133.499999999997,0.999999999999998
133.599999999997,0.999999999999998
133.699999999997,0.999999999999998
133.799999999997,0.999999999999998
133.899999999997,0.999999999999998
133.999999999997,0.999999999999998
134.099999999997,0.999999999999998
134.199999999997,0.999999999999998
134.299999999997,0.999999999999998
134.399999999997,0.999999999999998
134.499999999997,0.999999999999998
134.599999999997,0.999999999999998
134.699999999997,0.999999999999998
134.799999999997,0.999999999999998
134.899999999997,0.999999999999998
134.999999999997,0.999999999999998
135.099999999997,0.999999999999998
135.199999999997,0.999999999999998
135.299999999997,0.999999999999998
135.399999999997,0.999999999999998
135.499999999997,0.999999999999998
135.599999999997,0.999999999999998
135.699999999997,0.999999999999998
135.799999999997,0.999999999999998
135.899999999997,0.999999999999998
135.999999999997,0.999999999999998
136.099999999997,0.999999999999998
136.199999999997,0.999999999999998
136.299999999997,0.999999999999998
136.399999999997,0.999999999999998
136.499999999997,0.999999999999998
136.599999999997,0.999999999999998
136.699999999997,0.999999999999998
136.799999999997,0.999999999999998
136.899999999997,0.999999999999998
136.999999999997,0.999999999999998
137.099999999996,0.999999999999998
137.199999999996,0.999999999999998
137.299999999996,0.999999999999998
137.399999999996,0.999999999999998
137.499999999996,0.999999999999998
137.599999999996,0.999999999999998
137.699999999996,0.999999999999998
137.799999999996,0.999999999999998
137.899999999996,0.999999999999998
137.999999999996,0.999999999999998
138.099999999996,0.999999999999998
138.199999999996,0.999999999999998
138.299999999996,0.999999999999998
138.399999999996,0.999999999999998
138.499999999996,0.999999999999998
138.599999999996,0.999999999999998
138.699999999996,0.999999999999998
138.799999999996,0.999999999999998
138.899999999996,0.999999999999998
138.999999999996,0.999999999999998
139.099999999996,0.999999999999998
139.199999999996,0.999999999999998
139.299999999996,0.999999999999998
139.399999999996,0.999999999999998
139.499999999996,0.999999999999998
139.599999999996,0.999999999999998
139.699999999996,0.999999999999998
139.799999999996,0.999999999999998
139.899999999996,0.999999999999998
139.999999999996,0.999999999999998
140.099999999996,0.999999999999998
140.199999999996,0.999999999999998
140.299999999996,0.999999999999998
140.399999999996,0.999999999999998
140.499999999996,0.999999999999998
140.599999999996,0.999999999999998
140.699999999996,0.999999999999998
140.799999999996,0.999999999999998
140.899999999996,0.999999999999998
140.999999999996,0.999999999999998
141.099999999996,0.999999999999998
141.199999999996,0.999999999999998
141.299999999996,0.999999999999998
141.399999999996,0.999999999999998
141.499999999996,0.999999999999998
141.599999999996,0.999999999999998
141.699999999996,0.999999999999998
141.799999999996,0.999999999999998
141.899999999996,0.999999999999998
141.999999999996,0.999999999999998
142.099999999996,0.999999999999998
142.199999999996,0.999999999999998
142.299999999996,0.999999999999998
142.399999999996,0.999999999999998
142.499999999996,0.999999999999998
142.599999999996,0.999999999999998
142.699999999996,0.999999999999998
142.799999999996,0.999999999999998
142.899999999996,0.999999999999998
142.999999999996,0.999999999999998
143.099999999996,0.999999999999998
143.199999999996,0.999999999999998
143.299999999996,0.999999999999998
143.399999999996,0.999999999999998
143.499999999996,0.999999999999998
143.599999999996,0.999999999999998
143.699999999996,0.999999999999998
143.799999999996,0.999999999999998
143.899999999996,0.999999999999998
143.999999999996,0.999999999999998
144.099999999996,0.999999999999998
144.199999999996,0.999999999999998
144.299999999996,0.999999999999998
144.399999999996,0.999999999999998
144.499999999996,0.999999999999998
144.599999999996,0.999999999999998
144.699999999996,0.999999999999998
144.799999999996,0.999999999999998
144.899999999996,0.999999999999998
144.999999999996,0.999999999999998
145.099999999996,0.999999999999998
145.199999999996,0.999999999999998
145.299999999996,0.999999999999998
145.399999999996,0.999999999999998
145.499999999996,0.999999999999998
145.599999999996,0.999999999999998
145.699999999996,0.999999999999998
145.799999999996,0.999999999999998
145.899999999996,0.999999999999998
145.999999999996,0.999999999999998
146.099999999996,0.999999999999998
146.199999999996,0.999999999999998
146.299999999996,0.999999999999998
146.399999999996,0.999999999999998
146.499999999996,0.999999999999998
146.599999999996,0.999999999999998
146.699999999996,0.999999999999998
146.799999999996,0.999999999999998
146.899999999996,0.999999999999998
146.999999999996,0.999999999999998
147.099999999996,0.999999999999998
147.199999999996,0.999999999999998
147.299999999996,0.999999999999998
147.399999999996,0.999999999999998
147.499999999996,0.999999999999998
147.599999999996,0.999999999999998
147.699999999996,0.999999999999998
147.799999999996,0.999999999999998
147.899999999996,0.999999999999998
147.999999999996,0.999999999999998
148.099999999996,0.999999999999998
148.199999999996,0.999999999999998
148.299999999996,0.999999999999998
148.399999999996,0.999999999999998
148.499999999996,0.999999999999998
148.599999999996,0.999999999999998
148.699999999996,0.999999999999998
148.799999999996,0.999999999999998
148.899999999996,0.999999999999998
148.999999999996,0.999999999999998
149.099999999996,0.999999999999998
149.199999999996,0.999999999999998
149.299999999996,0.999999999999998
149.399999999996,0.999999999999998
149.499999999996,0.999999999999998
149.599999999996,0.999999999999998
149.699999999996,0.999999999999998
149.799999999996,0.999999999999998
149.899999999996,0.999999999999998
149.999999999996,0.999999999999998
150.099999999996,0.999999999999998
150.199999999996,0.999999999999998
150.299999999996,0.999999999999998
150.399999999996,0.999999999999998
150.499999999996,0.999999999999998
150.599999999996,0.999999999999998
150.699999999996,0.999999999999998
150.799999999996,0.999999999999998
150.899999999996,0.999999999999998
150.999999999996,0.999999999999998
151.099999999996,0.999999999999998
151.199999999996,0.999999999999998
151.299999999996,0.999999999999998
151.399999999996,0.999999999999998
151.499999999996,0.999999999999998
151.599999999996,0.999999999999998
151.699999999996,0.999999999999998
151.799999999996,0.999999999999998
151.899999999996,0.999999999999998
151.999999999996,0.999999999999998
152.099999999996,0.999999999999998
152.199999999996,0.999999999999998
152.299999999996,0.999999999999998
152.399999999996,0.999999999999998
152.499999999996,0.999999999999998
152.599999999996,0.999999999999998
152.699999999996,0.999999999999998
152.799999999996,0.999999999999998
152.899999999996,0.999999999999998
152.999999999996,0.999999999999998
153.099999999996,0.999999999999998
153.199999999996,0.999999999999998
153.299999999996,0.999999999999998
153.399999999996,0.999999999999998
153.499999999996,0.999999999999998
153.599999999996,0.999999999999998
153.699999999996,0.999999999999998
153.799999999996,0.999999999999998
153.899999999996,0.999999999999998
153.999999999996,0.999999999999998
154.099999999996,0.999999999999998
154.199999999996,0.999999999999998
154.299999999996,0.999999999999998
154.399999999996,0.999999999999998
154.499999999996,0.999999999999998
154.599999999996,0.999999999999998
154.699999999995,0.999999999999998
154.799999999995,0.999999999999998
154.899999999995,0.999999999999998
154.999999999995,0.999999999999998
155.099999999995,0.999999999999998
155.199999999995,0.999999999999998
155.299999999995,0.999999999999998
155.399999999995,0.999999999999998
155.499999999995,0.999999999999998
155.599999999995,0.999999999999998
155.699999999995,0.999999999999998
155.799999999995,0.999999999999998
155.899999999995,0.999999999999998
155.999999999995,0.999999999999998
156.099999999995,0.999999999999998
156.199999999995,0.999999999999998
156.299999999995,0.999999999999998
156.399999999995,0.999999999999998
156.499999999995,0.999999999999998
156.599999999995,0.999999999999998
156.699999999995,0.999999999999998
156.799999999995,0.999999999999998
156.899999999995,0.999999999999998
156.999999999995,0.999999999999998
157.099999999995,0.999999999999998
157.199999999995,0.999999999999998
157.299999999995,0.999999999999998
157.399999999995,0.999999999999998
157.499999999995,0.999999999999998
157.599999999995,0.999999999999998
157.699999999995,0.999999999999998
157.799999999995,0.999999999999998
157.899999999995,0.999999999999998
157.999999999995,0.999999999999998
158.099999999995,0.999999999999998
158.199999999995,0.999999999999998
158.299999999995,0.999999999999998
158.399999999995,0.999999999999998
158.499999999995,0.999999999999998
158.599999999995,0.999999999999998
158.699999999995,0.999999999999998
158.799999999995,0.999999999999998
158.899999999995,0.999999999999998
158.999999999995,0.999999999999998
159.099999999995,0.999999999999998
159.199999999995,0.999999999999998
159.299999999995,0.999999999999998
159.399999999995,0.999999999999998
159.499999999995,0.999999999999998
159.599999999995,0.999999999999998
159.699999999995,0.999999999999998
159.799999999995,0.999999999999998
159.899999999995,0.999999999999998
159.999999999995,0.999999999999998
160.099999999995,0.999999999999998
160.199999999995,0.999999999999998
160.299999999995,0.999999999999998
160.399999999995,0.999999999999998
160.499999999995,0.999999999999998
160.599999999995,0.999999999999998
160.699999999995,0.999999999999998
160.799999999995,0.999999999999998
160.899999999995,0.999999999999998
160.999999999995,0.999999999999998
161.099999999995,0.999999999999998
161.199999999995,0.999999999999998
161.299999999995,0.999999999999998
161.399999999995,0.999999999999998
161.499999999995,0.999999999999998
161.599999999995,0.999999999999998
161.699999999995,0.999999999999998
161.799999999995,0.999999999999998
161.899999999995,0.999999999999998
161.999999999995,0.999999999999998
162.099999999995,0.999999999999998
162.199999999995,0.999999999999998
162.299999999995,0.999999999999998
162.399999999995,0.999999999999998
162.499999999995,0.999999999999998
162.599999999995,0.999999999999998
162.699999999995,0.999999999999998
162.799999999995,0.999999999999998
162.899999999995,0.999999999999998
162.999999999995,0.999999999999998
163.099999999995,0.999999999999998
163.199999999995,0.999999999999998
163.299999999995,0.999999999999998
163.399999999995,0.999999999999998
163.499999999995,0.999999999999998
163.599999999995,0.999999999999998
163.699999999995,0.999999999999998
163.799999999995,0.999999999999998
163.899999999995,0.999999999999998
163.999999999995,0.999999999999998
164.099999999995,0.999999999999998
164.199999999995,0.999999999999998
164.299999999995,0.999999999999998
164.399999999995,0.999999999999998
164.499999999995,0.999999999999998
164.599999999995,0.999999999999998
164.699999999995,0.999999999999998
164.799999999995,0.999999999999998
164.899999999995,0.999999999999998
164.999999999995,0.999999999999998
165.099999999995,0.999999999999998
165.199999999995,0.999999999999998
165.299999999995,0.999999999999998
165.399999999995,0.999999999999998
165.499999999995,0.999999999999998
165.599999999995,0.999999999999998
165.699999999995,0.999999999999998
165.799999999995,0.999999999999998
165.899999999995,0.999999999999998
165.999999999995,0.999999999999998
166.099999999995,0.999999999999998
166.199999999995,0.999999999999998
166.299999999995,0.999999999999998
166.399999999995,0.999999999999998
166.499999999995,0.999999999999998
166.599999999995,0.999999999999998
166.699999999995,0.999999999999998
166.799999999995,0.999999999999998
166.899999999995,0.999999999999998
166.999999999995,0.999999999999998
167.099999999995,0.999999999999998
167.199999999995,0.999999999999998
167.299999999995,0.999999999999998
167.399999999995,0.999999999999998
167.499999999995,0.999999999999998
167.599999999995,0.999999999999998
167.699999999995,0.999999999999998
167.799999999995,0.999999999999998
167.899999999995,0.999999999999998
167.999999999995,0.999999999999998
168.099999999995,0.999999999999998
168.199999999995,0.999999999999998
168.299999999995,0.999999999999998
168.399999999995,0.999999999999998
168.499999999995,0.999999999999998
168.599999999995,0.999999999999998
168.699999999995,0.999999999999998
168.799999999995,0.999999999999998
168.899999999995,0.999999999999998
168.999999999995,0.999999999999998
169.099999999995,0.999999999999998
169.199999999995,0.999999999999998
169.299999999995,0.999999999999998
169.399999999995,0.999999999999998
169.499999999995,0.999999999999998
169.599999999995,0.999999999999998
169.699999999995,0.999999999999998
169.799999999995,0.999999999999998
169.899999999995,0.999999999999998
169.999999999995,0.999999999999998
170.099999999995,0.999999999999998
170.199999999995,0.999999999999998
170.299999999995,0.999999999999998
170.399999999995,0.999999999999998
170.499999999995,0.999999999999998
170.599999999995,0.999999999999998
170.699999999995,0.999999999999998
170.799999999995,0.999999999999998
170.899999999995,0.999999999999998
170.999999999995,0.999999999999998
171.099999999995,0.999999999999998
171.199999999995,0.999999999999998
171.299999999995,0.999999999999998
171.399999999995,0.999999999999998
171.499999999995,0.999999999999998
171.599999999995,0.999999999999998
171.699999999995,0.999999999999998
171.799999999995,0.999999999999998
171.899999999995,0.999999999999998
171.999999999995,0.999999999999998
172.099999999995,0.999999999999998
172.199999999995,0.999999999999998
172.299999999994,0.999999999999998
172.399999999994,0.999999999999998
172.499999999994,0.999999999999998
172.599999999994,0.999999999999998
172.699999999994,0.999999999999998
172.799999999994,0.999999999999998
172.899999999994,0.999999999999998
172.999999999994,0.999999999999998
173.099999999994,0.999999999999998
173.199999999994,0.999999999999998
173.299999999994,0.999999999999998
173.399999999994,0.999999999999998
173.499999999994,0.999999999999998
173.599999999994,0.999999999999998
173.699999999994,0.999999999999998
173.799999999994,0.999999999999998
173.899999999994,0.999999999999998
173.999999999994,0.999999999999998
174.099999999994,0.999999999999998
174.199999999994,0.999999999999998
174.299999999994,0.999999999999998
174.399999999994,0.999999999999998
174.499999999994,0.999999999999998
174.599999999994,0.999999999999998
174.699999999994,0.999999999999998
174.799999999994,0.999999999999998
174.899999999994,0.999999999999998
174.999999999994,0.999999999999998
175.099999999994,0.999999999999998
175.199999999994,0.999999999999998
175.299999999994,0.999999999999998
175.399999999994,0.999999999999998
175.499999999994,0.999999999999998
175.599999999994,0.999999999999998
175.699999999994,0.999999999999998
175.799999999994,0.999999999999998
175.899999999994,0.999999999999998
175.999999999994,0.999999999999998
176.099999999994,0.999999999999998
176.199999999994,0.999999999999998
176.299999999994,0.999999999999998
176.399999999994,0.999999999999998
176.499999999994,0.999999999999998
176.599999999994,0.999999999999998
176.699999999994,0.999999999999998
176.799999999994,0.999999999999998
176.899999999994,0.999999999999998
176.999999999994,0.999999999999998
177.099999999994,0.999999999999998
177.199999999994,0.999999999999998
177.299999999994,0.999999999999998
177.399999999994,0.999999999999998
177.499999999994,0.999999999999998
177.599999999994,0.999999999999998
177.699999999994,0.999999999999998
177.799999999994,0.999999999999998
177.899999999994,0.999999999999998
177.999999999994,0.999999999999998
178.099999999994,0.999999999999998
178.199999999994,0.999999999999998
178.299999999994,0.999999999999998
178.399999999994,0.999999999999998
178.499999999994,0.999999999999998
178.599999999994,0.999999999999998
178.699999999994,0.999999999999998
178.799999999994,0.999999999999998
178.899999999994,0.999999999999998
178.999999999994,0.999999999999998
179.099999999994,0.999999999999998
179.199999999994,0.999999999999998
179.299999999994,0.999999999999998
179.399999999994,0.999999999999998
179.499999999994,0.999999999999998
179.599999999994,0.999999999999998
179.699999999994,0.999999999999998
179.799999999994,0.999999999999998
179.899999999994,0.999999999999998
179.999999999994,0.999999999999998
180.099999999994,0.999999999999998
180.199999999994,0.999999999999998
180.299999999994,0.999999999999998
180.399999999994,0.999999999999998
180.499999999994,0.999999999999998
180.599999999994,0.999999999999998
180.699999999994,0.999999999999998
180.799999999994,0.999999999999998
180.899999999994,0.999999999999998
180.999999999994,0.999999999999998
181.099999999994,0.999999999999998
181.199999999994,0.999999999999998
181.299999999994,0.999999999999998
181.399999999994,0.999999999999998
181.499999999994,0.999999999999998
181.599999999994,0.999999999999998
181.699999999994,0.999999999999998
181.799999999994,0.999999999999998
181.899999999994,0.999999999999998
181.999999999994,0.999999999999998
182.099999999994,0.999999999999998
182.199999999994,0.999999999999998
182.299999999994,0.999999999999998
182.399999999994,0.999999999999998
182.499999999994,0.999999999999998
182.599999999994,0.999999999999998
182.699999999994,0.999999999999998
182.799999999994,0.999999999999998
182.899999999994,0.999999999999998
182.999999999994,0.999999999999998
183.099999999994,0.999999999999998
183.199999999994,0.999999999999998
183.299999999994,0.999999999999998
183.399999999994,0.999999999999998
183.499999999994,0.999999999999998
183.599999999994,0.999999999999998
183.699999999994,0.999999999999998
183.799999999994,0.999999999999998
183.899999999994,0.999999999999998
183.999999999994,0.999999999999998
184.099999999994,0.999999999999998
184.199999999994,0.999999999999998
184.299999999994,0.999999999999998
184.399999999994,0.999999999999998
184.499999999994,0.999999999999998
184.599999999994,0.999999999999998
184.699999999994,0.999999999999998
184.799999999994,0.999999999999998
184.899999999994,0.999999999999998
184.999999999994,0.999999999999998
185.099999999994,0.999999999999998
185.199999999994,0.999999999999998
185.299999999994,0.999999999999998
185.399999999994,0.999999999999998
185.499999999994,0.999999999999998
185.599999999994,0.999999999999998
185.699999999994,0.999999999999998
185.799999999994,0.999999999999998
185.899999999994,0.999999999999998
185.999999999994,0.999999999999998
186.099999999994,0.999999999999998
186.199999999994,0.999999999999998
186.299999999994,0.999999999999998
186.399999999994,0.999999999999998
186.499999999994,0.999999999999998
186.599999999994,0.999999999999998
186.699999999994,0.999999999999998
186.799999999994,0.999999999999998
186.899999999994,0.999999999999998
186.999999999994,0.999999999999998
187.099999999994,0.999999999999998
187.199999999994,0.999999999999998
187.299999999994,0.999999999999998
187.399999999994,0.999999999999998
187.499999999994,0.999999999999998
187.599999999994,0.999999999999998
187.699999999994,0.999999999999998
187.799999999994,0.999999999999998
187.899999999994,0.999999999999998
187.999999999994,0.999999999999998
188.099999999994,0.999999999999998
188.199999999994,0.999999999999998
188.299999999994,0.999999999999998
188.399999999994,0.999999999999998
188.499999999994,0.999999999999998
188.599999999994,0.999999999999998
188.699999999994,0.999999999999998
188.799999999994,0.999999999999998
188.899999999994,0.999999999999998
188.999999999994,0.999999999999998
189.099999999994,0.999999999999998
189.199999999994,0.999999999999998
189.299999999994,0.999999999999998
189.399999999994,0.999999999999998
189.499999999994,0.999999999999998
189.599999999994,0.999999999999998
189.699999999994,0.999999999999998
189.799999999994,0.999999999999998
189.899999999993,0.999999999999998
189.999999999993,0.999999999999998
190.099999999993,0.999999999999998
190.199999999993,0.999999999999998
190.299999999993,0.999999999999998
190.399999999993,0.999999999999998
190.499999999993,0.999999999999998
190.599999999993,0.999999999999998
190.699999999993,0.999999999999998
190.799999999993,0.999999999999998
190.899999999993,0.999999999999998
190.999999999993,0.999999999999998
191.099999999993,0.999999999999998
191.199999999993,0.999999999999998
191.299999999993,0.999999999999998
191.399999999993,0.999999999999998
191.499999999993,0.999999999999998
191.599999999993,0.999999999999998
191.699999999993,0.999999999999998
191.799999999993,0.999999999999998
191.899999999993,0.999999999999998
191.999999999993,0.999999999999998
192.099999999993,0.999999999999998
192.199999999993,0.999999999999998
192.299999999993,0.999999999999998
192.399999999993,0.999999999999998
192.499999999993,0.999999999999998
192.599999999993,0.999999999999998
192.699999999993,0.999999999999998
192.799999999993,0.999999999999998
192.899999999993,0.999999999999998
192.999999999993,0.999999999999998
193.099999999993,0.999999999999998
193.199999999993,0.999999999999998
193.299999999993,0.999999999999998
193.399999999993,0.999999999999998
193.499999999993,0.999999999999998
193.599999999993,0.999999999999998
193.699999999993,0.999999999999998
193.799999999993,0.999999999999998
193.899999999993,0.999999999999998
193.999999999993,0.999999999999998
194.099999999993,0.999999999999998
194.199999999993,0.999999999999998
194.299999999993,0.999999999999998
194.399999999993,0.999999999999998
194.499999999993,0.999999999999998
194.599999999993,0.999999999999998
194.699999999993,0.999999999999998
194.799999999993,0.999999999999998
194.899999999993,0.999999999999998
194.999999999993,0.999999999999998
195.099999999993,0.999999999999998
195.199999999993,0.999999999999998
195.299999999993,0.999999999999998
195.399999999993,0.999999999999998
195.499999999993,0.999999999999998
195.599999999993,0.999999999999998
195.699999999993,0.999999999999998
195.799999999993,0.999999999999998
195.899999999993,0.999999999999998
195.999999999993,0.999999999999998
196.099999999993,0.999999999999998
196.199999999993,0.999999999999998
196.299999999993,0.999999999999998
196.399999999993,0.999999999999998
196.499999999993,0.999999999999998
196.599999999993,0.999999999999998
196.699999999993,0.999999999999998
196.799999999993,0.999999999999998
196.899999999993,0.999999999999998
196.999999999993,0.999999999999998
197.099999999993,0.999999999999998
197.199999999993,0.999999999999998
197.299999999993,0.999999999999998
197.399999999993,0.999999999999998
197.499999999993,0.999999999999998
197.599999999993,0.999999999999998
197.699999999993,0.999999999999998
197.799999999993,0.999999999999998
197.899999999993,0.999999999999998
197.999999999993,0.999999999999998
198.099999999993,0.999999999999998
198.199999999993,0.999999999999998
198.299999999993,0.999999999999998
198.399999999993,0.999999999999998
198.499999999993,0.999999999999998
198.599999999993,0.999999999999998
198.699999999993,0.999999999999998
198.799999999993,0.999999999999998
198.899999999993,0.999999999999998
198.999999999993,0.999999999999998
199.099999999993,0.999999999999998
199.199999999993,0.999999999999998
199.299999999993,0.999999999999998
199.399999999993,0.999999999999998
199.499999999993,0.999999999999998
199.599999999993,0.999999999999998
199.699999999993,0.999999999999998
199.799999999993,0.999999999999998
199.899999999993,0.999999999999998
199.999999999993,0.999999999999998
200.099999999993,0.999999999999998
200.199999999993,0.999999999999998
200.299999999993,0.999999999999998
200.399999999993,0.999999999999998
200.499999999993,0.999999999999998
200.599999999993,0.999999999999998
200.699999999993,0.999999999999998
200.799999999993,0.999999999999998
200.899999999993,0.999999999999998
200.999999999993,0.999999999999998
201.099999999993,0.999999999999998
201.199999999993,0.999999999999998
201.299999999993,0.999999999999998
201.399999999993,0.999999999999998
201.499999999993,0.999999999999998
201.599999999993,0.999999999999998
201.699999999993,0.999999999999998
201.799999999993,0.999999999999998
201.899999999993,0.999999999999998
201.999999999993,0.999999999999998
202.099999999993,0.999999999999998
202.199999999993,0.999999999999998
202.299999999993,0.999999999999998
202.399999999993,0.999999999999998
202.499999999993,0.999999999999998
202.599999999993,0.999999999999998
202.699999999993,0.999999999999998
202.799999999993,0.999999999999998
202.899999999993,0.999999999999998
202.999999999993,0.999999999999998
203.099999999993,0.999999999999998
203.199999999993,0.999999999999998
203.299999999993,0.999999999999998
203.399999999993,0.999999999999998
203.499999999993,0.999999999999998
203.599999999993,0.999999999999998
203.699999999993,0.999999999999998
203.799999999993,0.999999999999998
203.899999999993,0.999999999999998
203.999999999993,0.999999999999998
204.099999999993,0.999999999999998
204.199999999993,0.999999999999998
204.299999999993,0.999999999999998
204.399999999993,0.999999999999998
204.499999999993,0.999999999999998
204.599999999993,0.999999999999998
204.699999999993,0.999999999999998
204.799999999993,0.999999999999998
204.899999999993,0.999999999999998
204.999999999993,0.999999999999998
205.099999999993,0.999999999999998
205.199999999993,0.999999999999998
205.299999999993,0.999999999999998
205.399999999993,0.999999999999998
205.499999999993,0.999999999999998
205.599999999993,0.999999999999998
205.699999999993,0.999999999999998
205.799999999993,0.999999999999998
205.899999999993,0.999999999999998
205.999999999993,0.999999999999998
206.099999999993,0.999999999999998
206.199999999993,0.999999999999998
206.299999999993,0.999999999999998
206.399999999993,0.999999999999998
206.499999999993,0.999999999999998
206.599999999993,0.999999999999998
206.699999999993,0.999999999999998
206.799999999993,0.999999999999998
206.899999999993,0.999999999999998
206.999999999993,0.999999999999998
207.099999999993,0.999999999999998
207.199999999993,0.999999999999998
207.299999999993,0.999999999999998
207.399999999993,0.999999999999998
207.499999999992,0.999999999999998
207.599999999992,0.999999999999998
207.699999999992,0.999999999999998
207.799999999992,0.999999999999998
207.899999999992,0.999999999999998
207.999999999992,0.999999999999998
208.099999999992,0.999999999999998
208.199999999992,0.999999999999998
208.299999999992,0.999999999999998
208.399999999992,0.999999999999998
208.499999999992,0.999999999999998
208.599999999992,0.999999999999998
208.699999999992,0.999999999999998
208.799999999992,0.999999999999998
208.899999999992,0.999999999999998
208.999999999992,0.999999999999998
209.099999999992,0.999999999999998
209.199999999992,0.999999999999998
209.299999999992,0.999999999999998
209.399999999992,0.999999999999998
209.499999999992,0.999999999999998
209.599999999992,0.999999999999998
209.699999999992,0.999999999999998
209.799999999992,0.999999999999998
209.899999999992,0.999999999999998
209.999999999992,0.999999999999998
210.099999999992,0.999999999999998
210.199999999992,0.999999999999998
210.299999999992,0.999999999999998
210.399999999992,0.999999999999998
210.499999999992,0.999999999999998
210.599999999992,0.999999999999998
210.699999999992,0.999999999999998
210.799999999992,0.999999999999998
210.899999999992,0.999999999999998
210.999999999992,0.999999999999998
211.099999999992,0.999999999999998
211.199999999992,0.999999999999998
211.299999999992,0.999999999999998
211.399999999992,0.999999999999998
211.499999999992,0.999999999999998
211.599999999992,0.999999999999998
211.699999999992,0.999999999999998
211.799999999992,0.999999999999998
211.899999999992,0.999999999999998
211.999999999992,0.999999999999998
212.099999999992,0.999999999999998
212.199999999992,0.999999999999998
212.299999999992,0.999999999999998
212.399999999992,0.999999999999998
212.499999999992,0.999999999999998
212.599999999992,0.999999999999998
212.699999999992,0.999999999999998
212.799999999992,0.999999999999998
212.899999999992,0.999999999999998
212.999999999992,0.999999999999998
213.099999999992,0.999999999999998
213.199999999992,0.999999999999998
213.299999999992,0.999999999999998
213.399999999992,0.999999999999998
213.499999999992,0.999999999999998
213.599999999992,0.999999999999998
213.699999999992,0.999999999999998
213.799999999992,0.999999999999998
213.899999999992,0.999999999999998
213.999999999992,0.999999999999998
214.099999999992,0.999999999999998
214.199999999992,0.999999999999998
214.299999999992,0.999999999999998
214.399999999992,0.999999999999998
214.499999999992,0.999999999999998
214.599999999992,0.999999999999998
214.699999999992,0.999999999999998
214.799999999992,0.999999999999998
214.899999999992,0.999999999999998
214.999999999992,0.999999999999998
215.099999999992,0.999999999999998
215.199999999992,0.999999999999998
215.299999999992,0.999999999999998
215.399999999992,0.999999999999998
215.499999999992,0.999999999999998
215.599999999992,0.999999999999998
215.699999999992,0.999999999999998
215.799999999992,0.999999999999998
215.899999999992,0.999999999999998
215.999999999992,0.999999999999998
216.099999999992,0.999999999999998
216.199999999992,0.999999999999998
216.299999999992,0.999999999999998
216.399999999992,0.999999999999998
216.499999999992,0.999999999999998
216.599999999992,0.999999999999998
216.699999999992,0.999999999999998
216.799999999992,0.999999999999998
216.899999999992,0.999999999999998
216.999999999992,0.999999999999998
217.099999999992,0.999999999999998
217.199999999992,0.999999999999998
217.299999999992,0.999999999999998
217.399999999992,0.999999999999998
217.499999999992,0.999999999999998
217.599999999992,0.999999999999998
217.699999999992,0.999999999999998
217.799999999992,0.999999999999998
217.899999999992,0.999999999999998
217.999999999992,0.999999999999998
218.099999999992,0.999999999999998
218.199999999992,0.999999999999998
218.299999999992,0.999999999999998
218.399999999992,0.999999999999998
218.499999999992,0.999999999999998
218.599999999992,0.999999999999998
218.699999999992,0.999999999999998
218.799999999992,0.999999999999998
218.899999999992,0.999999999999998
218.999999999992,0.999999999999998
219.099999999992,0.999999999999998
219.199999999992,0.999999999999998
219.299999999992,0.999999999999998
219.399999999992,0.999999999999998
219.499999999992,0.999999999999998
219.599999999992,0.999999999999998
219.699999999992,0.999999999999998
219.799999999992,0.999999999999998
219.899999999992,0.999999999999998
219.999999999992,0.999999999999998
220.099999999992,0.999999999999998
220.199999999992,0.999999999999998
220.299999999992,0.999999999999998
220.399999999992,0.999999999999998
220.499999999992,0.999999999999998
220.599999999992,0.999999999999998
220.699999999992,0.999999999999998
220.799999999992,0.999999999999998
220.899999999992,0.999999999999998
220.999999999992,0.999999999999998
221.099999999992,0.999999999999998
221.199999999992,0.999999999999998
221.299999999992,0.999999999999998
221.399999999992,0.999999999999998
221.499999999992,0.999999999999998
221.599999999992,0.999999999999998
221.699999999992,0.999999999999998
221.799999999992,0.999999999999998
221.899999999992,0.999999999999998
221.999999999992,0.999999999999998
222.099999999992,0.999999999999998
222.199999999992,0.999999999999998
222.299999999992,0.999999999999998
222.399999999992,0.999999999999998
222.499999999992,0.999999999999998
222.599999999992,0.999999999999998
222.699999999992,0.999999999999998
222.799999999992,0.999999999999998
222.899999999992,0.999999999999998
222.999999999992,0.999999999999998
223.099999999992,0.999999999999998
223.199999999992,0.999999999999998
223.299999999992,0.999999999999998
223.399999999992,0.999999999999998
223.499999999992,0.999999999999998
223.599999999992,0.999999999999998
223.699999999992,0.999999999999998
223.799999999992,0.999999999999998
223.899999999992,0.999999999999998
223.999999999992,0.999999999999998
224.099999999992,0.999999999999998
224.199999999992,0.999999999999998
224.299999999992,0.999999999999998
224.399999999992,0.999999999999998
224.499999999992,0.999999999999998
224.599999999992,0.999999999999998
224.699999999992,0.999999999999998
224.799999999992,0.999999999999998
224.899999999992,0.999999999999998
224.999999999992,0.999999999999998
225.099999999991,0.999999999999998
225.199999999991,0.999999999999998
225.299999999991,0.999999999999998
225.399999999991,0.999999999999998
225.499999999991,0.999999999999998
225.599999999991,0.999999999999998
225.699999999991,0.999999999999998
225.799999999991,0.999999999999998
225.899999999991,0.999999999999998
225.999999999991,0.999999999999998
226.099999999991,0.999999999999998
226.199999999991,0.999999999999998
226.299999999991,0.999999999999998
226.399999999991,0.999999999999998
226.499999999991,0.999999999999998
226.599999999991,0.999999999999998
226.699999999991,0.999999999999998
226.799999999991,0.999999999999998
226.899999999991,0.999999999999998
226.999999999991,0.999999999999998
227.099999999991,0.999999999999998
227.199999999991,0.999999999999998
227.299999999991,0.999999999999998
227.399999999991,0.999999999999998
227.499999999991,0.999999999999998
227.599999999991,0.999999999999998
227.699999999991,0.999999999999998
227.799999999991,0.999999999999998
227.899999999991,0.999999999999998
227.999999999991,0.999999999999998
228.099999999991,0.999999999999998
228.199999999991,0.999999999999998
228.299999999991,0.999999999999998
228.399999999991,0.999999999999998
228.499999999991,0.999999999999998
228.599999999991,0.999999999999998
228.699999999991,0.999999999999998
228.799999999991,0.999999999999998
228.899999999991,0.999999999999998
228.999999999991,0.999999999999998
229.099999999991,0.999999999999998
229.199999999991,0.999999999999998
229.299999999991,0.999999999999998
229.399999999991,0.999999999999998
229.499999999991,0.999999999999998
229.599999999991,0.999999999999998
229.699999999991,0.999999999999998
229.799999999991,0.999999999999998
229.899999999991,0.999999999999998
229.999999999991,0.999999999999998
230.099999999991,0.999999999999998
230.199999999991,0.999999999999998
230.299999999991,0.999999999999998
230.399999999991,0.999999999999998
230.499999999991,0.999999999999998
230.599999999991,0.999999999999998
230.699999999991,0.999999999999998
230.799999999991,0.999999999999998
230.899999999991,0.999999999999998
230.999999999991,0.999999999999998
231.099999999991,0.999999999999998
231.199999999991,0.999999999999998
231.299999999991,0.999999999999998
231.399999999991,0.999999999999998
231.499999999991,0.999999999999998
231.599999999991,0.999999999999998
231.699999999991,0.999999999999998
231.799999999991,0.999999999999998
231.899999999991,0.999999999999998
231.999999999991,0.999999999999998
232.099999999991,0.999999999999998
232.199999999991,0.999999999999998
232.299999999991,0.999999999999998
232.399999999991,0.999999999999998
232.499999999991,0.999999999999998
232.599999999991,0.999999999999998
232.699999999991,0.999999999999998
232.799999999991,0.999999999999998
232.899999999991,0.999999999999998
232.999999999991,0.999999999999998
233.099999999991,0.999999999999998
233.199999999991,0.999999999999998
233.299999999991,0.999999999999998
233.399999999991,0.999999999999998
233.499999999991,0.999999999999998
233.599999999991,0.999999999999998
233.699999999991,0.999999999999998
233.799999999991,0.999999999999998
233.899999999991,0.999999999999998
233.999999999991,0.999999999999998
234.099999999991,0.999999999999998
234.199999999991,0.999999999999998
234.299999999991,0.999999999999998
234.399999999991,0.999999999999998
234.499999999991,0.999999999999998
234.599999999991,0.999999999999998
234.699999999991,0.999999999999998
234.799999999991,0.999999999999998
234.899999999991,0.999999999999998
234.999999999991,0.999999999999998
235.099999999991,0.999999999999998
235.199999999991,0.999999999999998
235.299999999991,0.999999999999998
235.399999999991,0.999999999999998
235.499999999991,0.999999999999998
235.599999999991,0.999999999999998
235.699999999991,0.999999999999998
235.799999999991,0.999999999999998
235.899999999991,0.999999999999998
235.999999999991,0.999999999999998
236.099999999991,0.999999999999998
236.199999999991,0.999999999999998
236.299999999991,0.999999999999998
236.399999999991,0.999999999999998
236.499999999991,0.999999999999998
236.599999999991,0.999999999999998
236.699999999991,0.999999999999998
236.799999999991,0.999999999999998
236.899999999991,0.999999999999998
236.999999999991,0.999999999999998
237.099999999991,0.999999999999998
237.199999999991,0.999999999999998
237.299999999991,0.999999999999998
237.399999999991,0.999999999999998
237.499999999991,0.999999999999998
237.599999999991,0.999999999999998
237.699999999991,0.999999999999998
237.799999999991,0.999999999999998
237.899999999991,0.999999999999998
237.999999999991,0.999999999999998
238.099999999991,0.999999999999998
238.199999999991,0.999999999999998
238.299999999991,0.999999999999998
238.399999999991,0.999999999999998
238.499999999991,0.999999999999998
238.599999999991,0.999999999999998
238.699999999991,0.999999999999998
238.799999999991,0.999999999999998
238.899999999991,0.999999999999998
238.999999999991,0.999999999999998
239.099999999991,0.999999999999998
239.199999999991,0.999999999999998
239.299999999991,0.999999999999998
239.399999999991,0.999999999999998
239.499999999991,0.999999999999998
239.599999999991,0.999999999999998
239.699999999991,0.999999999999998
239.799999999991,0.999999999999998
239.899999999991,0.999999999999998
239.999999999991,0.999999999999998
240.099999999991,0.999999999999998
240.199999999991,0.999999999999998
240.299999999991,0.999999999999998
240.399999999991,0.999999999999998
240.499999999991,0.999999999999998
240.599999999991,0.999999999999998
240.699999999991,0.999999999999998
240.799999999991,0.999999999999998
240.899999999991,0.999999999999998
240.999999999991,0.999999999999998
241.099999999991,0.999999999999998
241.199999999991,0.999999999999998
241.299999999991,0.999999999999998
241.399999999991,0.999999999999998
241.499999999991,0.999999999999998
241.599999999991,0.999999999999998
241.699999999991,0.999999999999998
241.799999999991,0.999999999999998
241.899999999991,0.999999999999998
241.999999999991,0.999999999999998
242.099999999991,0.999999999999998
242.199999999991,0.999999999999998
242.299999999991,0.999999999999998
242.399999999991,0.999999999999998
242.499999999991,0.999999999999998
242.599999999991,0.999999999999998
242.69999999999,0.999999999999998
242.79999999999,0.999999999999998
242.89999999999,0.999999999999998
242.99999999999,0.999999999999998
243.09999999999,0.999999999999998
243.19999999999,0.999999999999998
243.29999999999,0.999999999999998
243.39999999999,0.999999999999998
243.49999999999,0.999999999999998
243.59999999999,0.999999999999998
243.69999999999,0.999999999999998
243.79999999999,0.999999999999998
243.89999999999,0.999999999999998
243.99999999999,0.999999999999998
244.09999999999,0.999999999999998
244.19999999999,0.999999999999998
244.29999999999,0.999999999999998
244.39999999999,0.999999999999998
244.49999999999,0.999999999999998
244.59999999999,0.999999999999998
244.69999999999,0.999999999999998
244.79999999999,0.999999999999998
244.89999999999,0.999999999999998
244.99999999999,0.999999999999998
245.09999999999,0.999999999999998
245.19999999999,0.999999999999998
245.29999999999,0.999999999999998
245.39999999999,0.999999999999998
245.49999999999,0.999999999999998
245.59999999999,0.999999999999998
245.69999999999,0.999999999999998
245.79999999999,0.999999999999998
245.89999999999,0.999999999999998
245.99999999999,0.999999999999998
246.09999999999,0.999999999999998
246.19999999999,0.999999999999998
246.29999999999,0.999999999999998
246.39999999999,0.999999999999998
246.49999999999,0.999999999999998
246.59999999999,0.999999999999998
246.69999999999,0.999999999999998
246.79999999999,0.999999999999998
246.89999999999,0.999999999999998
246.99999999999,0.999999999999998
247.09999999999,0.999999999999998
247.19999999999,0.999999999999998
247.29999999999,0.999999999999998
247.39999999999,0.999999999999998
247.49999999999,0.999999999999998
247.59999999999,0.999999999999998
247.69999999999,0.999999999999998
247.79999999999,0.999999999999998
247.89999999999,0.999999999999998
247.99999999999,0.999999999999998
248.09999999999,0.999999999999998
248.19999999999,0.999999999999998
248.29999999999,0.999999999999998
248.39999999999,0.999999999999998
248.49999999999,0.999999999999998
248.59999999999,0.999999999999998
248.69999999999,0.999999999999998
248.79999999999,0.999999999999998
248.89999999999,0.999999999999998
248.99999999999,0.999999999999998
249.09999999999,0.999999999999998
249.19999999999,0.999999999999998
249.29999999999,0.999999999999998
249.39999999999,0.999999999999998
249.49999999999,0.999999999999998
249.59999999999,0.999999999999998
249.69999999999,0.999999999999998
249.79999999999,0.999999999999998
249.89999999999,0.999999999999998
249.99999999999,0.999999999999998
250.09999999999,0.999999999999998
250.19999999999,0.999999999999998
250.29999999999,0.999999999999998
250.39999999999,0.999999999999998
250.49999999999,0.999999999999998
250.59999999999,0.999999999999998
250.69999999999,0.999999999999998
250.79999999999,0.999999999999998
250.89999999999,0.999999999999998
250.99999999999,0.999999999999998
251.09999999999,0.999999999999998
251.19999999999,0.999999999999998
251.29999999999,0.999999999999998
251.39999999999,0.999999999999998
251.49999999999,0.999999999999998
251.59999999999,0.999999999999998
251.69999999999,0.999999999999998
251.79999999999,0.999999999999998
251.89999999999,0.999999999999998
251.99999999999,0.999999999999998
252.09999999999,0.999999999999998
252.19999999999,0.999999999999998
252.29999999999,0.999999999999998
252.39999999999,0.999999999999998
252.49999999999,0.999999999999998
252.59999999999,0.999999999999998
252.69999999999,0.999999999999998
252.79999999999,0.999999999999998
252.89999999999,0.999999999999998
252.99999999999,0.999999999999998
253.09999999999,0.999999999999998
253.19999999999,0.999999999999998
253.29999999999,0.999999999999998
253.39999999999,0.999999999999998
253.49999999999,0.999999999999998
253.59999999999,0.999999999999998
253.69999999999,0.999999999999998
253.79999999999,0.999999999999998
253.89999999999,0.999999999999998
253.99999999999,0.999999999999998
254.09999999999,0.999999999999998
254.19999999999,0.999999999999998
254.29999999999,0.999999999999998
254.39999999999,0.999999999999998
254.49999999999,0.999999999999998
254.59999999999,0.999999999999998
254.69999999999,0.999999999999998
254.79999999999,0.999999999999998
254.89999999999,0.999999999999998
254.99999999999,0.999999999999998
255.09999999999,0.999999999999998
255.19999999999,0.999999999999998
255.29999999999,0.999999999999998
255.39999999999,0.999999999999998
255.49999999999,0.999999999999998
255.59999999999,0.999999999999998
255.69999999999,0.999999999999998
255.79999999999,0.999999999999998
255.89999999999,0.999999999999998
255.99999999999,0.999999999999998
256.09999999999,0.999999999999998
256.19999999999,0.999999999999998
256.29999999999,0.999999999999998
256.39999999999,0.999999999999998
256.49999999999,0.999999999999998
256.59999999999,0.999999999999998
256.69999999999,0.999999999999998
256.79999999999,0.999999999999998
256.89999999999,0.999999999999998
256.99999999999,0.999999999999998
257.09999999999,0.999999999999998
257.19999999999,0.999999999999998
257.29999999999,0.999999999999998
257.39999999999,0.999999999999998
257.49999999999,0.999999999999998
257.59999999999,0.999999999999998
257.69999999999,0.999999999999998
257.79999999999,0.999999999999998
257.89999999999,0.999999999999998
257.99999999999,0.999999999999998
258.09999999999,0.999999999999998
258.19999999999,0.999999999999998
258.29999999999,0.999999999999998
258.39999999999,0.999999999999998
258.49999999999,0.999999999999998
258.59999999999,0.999999999999998
258.69999999999,0.999999999999998
258.79999999999,0.999999999999998
258.89999999999,0.999999999999998
258.99999999999,0.999999999999998
259.09999999999,0.999999999999998
259.19999999999,0.999999999999998
259.29999999999,0.999999999999998
259.39999999999,0.999999999999998
259.499999999991,0.999999999999998
259.599999999991,0.999999999999998
259.699999999991,0.999999999999998
259.799999999991,0.999999999999998
259.899999999991,0.999999999999998
259.999999999991,0.999999999999998
260.099999999991,0.999999999999998
260.199999999991,0.999999999999998
260.299999999991,0.999999999999998
260.399999999991,0.999999999999998
260.499999999991,0.999999999999998
260.599999999991,0.999999999999998
260.699999999991,0.999999999999998
260.799999999991,0.999999999999998
260.899999999991,0.999999999999998
260.999999999991,0.999999999999998
261.099999999991,0.999999999999998
261.199999999991,0.999999999999998
261.299999999991,0.999999999999998
261.399999999991,0.999999999999998
261.499999999991,0.999999999999998
261.599999999991,0.999999999999998
261.699999999991,0.999999999999998
261.799999999991,0.999999999999998
261.899999999991,0.999999999999998
261.999999999991,0.999999999999998
262.099999999991,0.999999999999998
262.199999999991,0.999999999999998
262.299999999991,0.999999999999998
262.399999999991,0.999999999999998
262.499999999991,0.999999999999998
262.599999999991,0.999999999999998
262.699999999991,0.999999999999998
262.799999999991,0.999999999999998
262.899999999991,0.999999999999998
262.999999999991,0.999999999999998
263.099999999991,0.999999999999998
263.199999999991,0.999999999999998
263.299999999991,0.999999999999998
263.399999999991,0.999999999999998
263.499999999991,0.999999999999998
263.599999999991,0.999999999999998
263.699999999991,0.999999999999998
263.799999999991,0.999999999999998
263.899999999992,0.999999999999998
263.999999999992,0.999999999999998
264.099999999992,0.999999999999998
264.199999999992,0.999999999999998
264.299999999992,0.999999999999998
264.399999999992,0.999999999999998
264.499999999992,0.999999999999998
264.599999999992,0.999999999999998
264.699999999992,0.999999999999998
264.799999999992,0.999999999999998
264.899999999992,0.999999999999998
264.999999999992,0.999999999999998
265.099999999992,0.999999999999998
265.199999999992,0.999999999999998
265.299999999992,0.999999999999998
265.399999999992,0.999999999999998
265.499999999992,0.999999999999998
265.599999999992,0.999999999999998
265.699999999992,0.999999999999998
265.799999999992,0.999999999999998
265.899999999992,0.999999999999998
265.999999999992,0.999999999999998
266.099999999992,0.999999999999998
266.199999999992,0.999999999999998
266.299999999992,0.999999999999998
266.399999999992,0.999999999999998
266.499999999992,0.999999999999998
266.599999999992,0.999999999999998
266.699999999992,0.999999999999998
266.799999999992,0.999999999999998
266.899999999992,0.999999999999998
266.999999999992,0.999999999999998
267.099999999992,0.999999999999998
267.199999999992,0.999999999999998
267.299999999992,0.999999999999998
267.399999999992,0.999999999999998
267.499999999992,0.999999999999998
267.599999999992,0.999999999999998
267.699999999992,0.999999999999998
267.799999999992,0.999999999999998
267.899999999992,0.999999999999998
267.999999999992,0.999999999999998
268.099999999992,0.999999999999998
268.199999999992,0.999999999999998
268.299999999993,0.999999999999998
268.399999999993,0.999999999999998
268.499999999993,0.999999999999998
268.599999999993,0.999999999999998
268.699999999993,0.999999999999998
268.799999999993,0.999999999999998
268.899999999993,0.999999999999998
268.999999999993,0.999999999999998
269.099999999993,0.999999999999998
269.199999999993,0.999999999999998
269.299999999993,0.999999999999998
269.399999999993,0.999999999999998
269.499999999993,0.999999999999998
269.599999999993,0.999999999999998
269.699999999993,0.999999999999998
269.799999999993,0.999999999999998
269.899999999993,0.999999999999998
269.999999999993,0.999999999999998
270.099999999993,0.999999999999998
270.199999999993,0.999999999999998
270.299999999993,0.999999999999998
270.399999999993,0.999999999999998
270.499999999993,0.999999999999998
270.599999999993,0.999999999999998
270.699999999993,0.999999999999998
270.799999999993,0.999999999999998
270.899999999993,0.999999999999998
270.999999999993,0.999999999999998
271.099999999993,0.999999999999998
271.199999999993,0.999999999999998
271.299999999993,0.999999999999998
271.399999999993,0.999999999999998
271.499999999993,0.999999999999998
271.599999999993,0.999999999999998
271.699999999993,0.999999999999998
271.799999999993,0.999999999999998
271.899999999993,0.999999999999998
271.999999999993,0.999999999999998
272.099999999993,0.999999999999998
272.199999999993,0.999999999999998
272.299999999993,0.999999999999998
272.399999999993,0.999999999999998
272.499999999993,0.999999999999998
272.599999999993,0.999999999999998
272.699999999994,0.999999999999998
272.799999999994,0.999999999999998
272.899999999994,0.999999999999998
272.999999999994,0.999999999999998
273.099999999994,0.999999999999998
273.199999999994,0.999999999999998
273.299999999994,0.999999999999998
273.399999999994,0.999999999999998
273.499999999994,0.999999999999998
273.599999999994,0.999999999999998
273.699999999994,0.999999999999998
273.799999999994,0.999999999999998
273.899999999994,0.999999999999998
273.999999999994,0.999999999999998
274.099999999994,0.999999999999998
274.199999999994,0.999999999999998
274.299999999994,0.999999999999998
274.399999999994,0.999999999999998
274.499999999994,0.999999999999998
274.599999999994,0.999999999999998
274.699999999994,0.999999999999998
274.799999999994,0.999999999999998
274.899999999994,0.999999999999998
274.999999999994,0.999999999999998
275.099999999994,0.999999999999998
275.199999999994,0.999999999999998
275.299999999994,0.999999999999998
275.399999999994,0.999999999999998
275.499999999994,0.999999999999998
275.599999999994,0.999999999999998
275.699999999994,0.999999999999998
275.799999999994,0.999999999999998
275.899999999994,0.999999999999998
275.999999999994,0.999999999999998
276.099999999994,0.999999999999998
276.199999999994,0.999999999999998
276.299999999994,0.999999999999998
276.399999999994,0.999999999999998
276.499999999994,0.999999999999998
276.599999999994,0.999999999999998
276.699999999994,0.999999999999998
276.799999999994,0.999999999999998
276.899999999994,0.999999999999998
276.999999999994,0.999999999999998
277.099999999995,0.999999999999998
277.199999999995,0.999999999999998
277.299999999995,0.999999999999998
277.399999999995,0.999999999999998
277.499999999995,0.999999999999998
277.599999999995,0.999999999999998
277.699999999995,0.999999999999998
277.799999999995,0.999999999999998
277.899999999995,0.999999999999998
277.999999999995,0.999999999999998
278.099999999995,0.999999999999998
278.199999999995,0.999999999999998
278.299999999995,0.999999999999998
278.399999999995,0.999999999999998
278.499999999995,0.999999999999998
278.599999999995,0.999999999999998
278.699999999995,0.999999999999998
278.799999999995,0.999999999999998
278.899999999995,0.999999999999998
278.999999999995,0.999999999999998
279.099999999995,0.999999999999998
279.199999999995,0.999999999999998
279.299999999995,0.999999999999998
279.399999999995,0.999999999999998
279.499999999995,0.999999999999998
279.599999999995,0.999999999999998
279.699999999995,0.999999999999998
279.799999999995,0.999999999999998
279.899999999995,0.999999999999998
279.999999999995,0.999999999999998
280.099999999995,0.999999999999998
280.199999999995,0.999999999999998
280.299999999995,0.999999999999998
280.399999999995,0.999999999999998
280.499999999995,0.999999999999998
280.599999999995,0.999999999999998
280.699999999995,0.999999999999998
280.799999999995,0.999999999999998
280.899999999995,0.999999999999998
280.999999999995,0.999999999999998
281.099999999995,0.999999999999998
281.199999999995,0.999999999999998
281.299999999995,0.999999999999998
281.399999999995,0.999999999999998
281.499999999996,0.999999999999998
281.599999999996,0.999999999999998
281.699999999996,0.999999999999998
281.799999999996,0.999999999999998
281.899999999996,0.999999999999998
281.999999999996,0.999999999999998
282.099999999996,0.999999999999998
282.199999999996,0.999999999999998
282.299999999996,0.999999999999998
282.399999999996,0.999999999999998
282.499999999996,0.999999999999998
282.599999999996,0.999999999999998
282.699999999996,0.999999999999998
282.799999999996,0.999999999999998
282.899999999996,0.999999999999998
282.999999999996,0.999999999999998
283.099999999996,0.999999999999998
283.199999999996,0.999999999999998
283.299999999996,0.999999999999998
283.399999999996,0.999999999999998
283.499999999996,0.999999999999998
283.599999999996,0.999999999999998
283.699999999996,0.999999999999998
283.799999999996,0.999999999999998
283.899999999996,0.999999999999998
283.999999999996,0.999999999999998
284.099999999996,0.999999999999998
284.199999999996,0.999999999999998
284.299999999996,0.999999999999998
284.399999999996,0.999999999999998
284.499999999996,0.999999999999998
284.599999999996,0.999999999999998
284.699999999996,0.999999999999998
284.799999999996,0.999999999999998
284.899999999996,0.999999999999998
284.999999999996,0.999999999999998
285.099999999996,0.999999999999998
285.199999999996,0.999999999999998
285.299999999996,0.999999999999998
285.399999999996,0.999999999999998
285.499999999996,0.999999999999998
285.599999999996,0.999999999999998
285.699999999996,0.999999999999998
285.799999999996,0.999999999999998
285.899999999997,0.999999999999998
285.999999999997,0.999999999999998
286.099999999997,0.999999999999998
286.199999999997,0.999999999999998
286.299999999997,0.999999999999998
286.399999999997,0.999999999999998
286.499999999997,0.999999999999998
286.599999999997,0.999999999999998
286.699999999997,0.999999999999998
286.799999999997,0.999999999999998
286.899999999997,0.999999999999998
286.999999999997,0.999999999999998
287.099999999997,0.999999999999998
287.199999999997,0.999999999999998
287.299999999997,0.999999999999998
287.399999999997,0.999999999999998
287.499999999997,0.999999999999998
287.599999999997,0.999999999999998
287.699999999997,0.999999999999998
287.799999999997,0.999999999999998
287.899999999997,0.999999999999998
287.999999999997,0.999999999999998
288.099999999997,0.999999999999998
288.199999999997,0.999999999999998
288.299999999997,0.999999999999998
288.399999999997,0.999999999999998
288.499999999997,0.999999999999998
288.599999999997,0.999999999999998
288.699999999997,0.999999999999998
288.799999999997,0.999999999999998
288.899999999997,0.999999999999998
288.999999999997,0.999999999999998
289.099999999997,0.999999999999998
289.199999999997,0.999999999999998
289.299999999997,0.999999999999998
289.399999999997,0.999999999999998
289.499999999997,0.999999999999998
289.599999999997,0.999999999999998
289.699999999997,0.999999999999998
289.799999999997,0.999999999999998
289.899999999997,0.999999999999998
289.999999999997,0.999999999999998
290.099999999997,0.999999999999998
290.199999999997,0.999999999999998
290.299999999998,0.999999999999998
290.399999999998,0.999999999999998
290.499999999998,0.999999999999998
290.599999999998,0.999999999999998
290.699999999998,0.999999999999998
290.799999999998,0.999999999999998
290.899999999998,0.999999999999998
290.999999999998,0.999999999999998
291.099999999998,0.999999999999998
291.199999999998,0.999999999999998
291.299999999998,0.999999999999998
291.399999999998,0.999999999999998
291.499999999998,0.999999999999998
291.599999999998,0.999999999999998
291.699999999998,0.999999999999998
291.799999999998,0.999999999999998
291.899999999998,0.999999999999998
291.999999999998,0.999999999999998
292.099999999998,0.999999999999998
292.199999999998,0.999999999999998
292.299999999998,0.999999999999998
292.399999999998,0.999999999999998
292.499999999998,0.999999999999998
292.599999999998,0.999999999999998
292.699999999998,0.999999999999998
292.799999999998,0.999999999999998
292.899999999998,0.999999999999998
292.999999999998,0.999999999999998
293.099999999998,0.999999999999998
293.199999999998,0.999999999999998
293.299999999998,0.999999999999998
293.399999999998,0.999999999999998
293.499999999998,0.999999999999998
293.599999999998,0.999999999999998
293.699999999998,0.999999999999998
293.799999999998,0.999999999999998
293.899999999998,0.999999999999998
293.999999999998,0.999999999999998
294.099999999998,0.999999999999998
294.199999999998,0.999999999999998
294.299999999998,0.999999999999998
294.399999999998,0.999999999999998
294.499999999998,0.999999999999998
294.599999999998,0.999999999999998
294.699999999999,0.999999999999998
294.799999999999,0.999999999999998
294.899999999999,0.999999999999998
294.999999999999,0.999999999999998
295.099999999999,0.999999999999998
295.199999999999,0.999999999999998
295.299999999999,0.999999999999998
295.399999999999,0.999999999999998
295.499999999999,0.999999999999998
295.599999999999,0.999999999999998
295.699999999999,0.999999999999998
295.799999999999,0.999999999999998
295.899999999999,0.999999999999998
295.999999999999,0.999999999999998
296.099999999999,0.999999999999998
296.199999999999,0.999999999999998
296.299999999999,0.999999999999998
296.399999999999,0.999999999999998
296.499999999999,0.999999999999998
296.599999999999,0.999999999999998
296.699999999999,0.999999999999998
296.799999999999,0.999999999999998
296.899999999999,0.999999999999998
296.999999999999,0.999999999999998
297.099999999999,0.999999999999998
297.199999999999,0.999999999999998
297.299999999999,0.999999999999998
297.399999999999,0.999999999999998
297.499999999999,0.999999999999998
297.599999999999,0.999999999999998
297.699999999999,0.999999999999998
297.799999999999,0.999999999999998
297.899999999999,0.999999999999998
297.999999999999,0.999999999999998
298.099999999999,0.999999999999998
298.199999999999,0.999999999999998
298.299999999999,0.999999999999998
298.399999999999,0.999999999999998
298.499999999999,0.999999999999998
298.599999999999,0.999999999999998
298.699999999999,0.999999999999998
298.799999999999,0.999999999999998
298.899999999999,0.999999999999998
298.999999999999,0.999999999999998
299.1,0.999999999999998
299.2,0.999999999999998
299.3,0.999999999999998
299.4,0.999999999999998
299.5,0.999999999999998
299.6,0.999999999999998
299.7,0.999999999999998
299.8,0.999999999999998
299.9,0.999999999999998
300,0.999999999999998
300.1,0.999999999999998
300.2,0.999999999999998
300.3,0.999999999999998
300.4,0.999999999999998
300.5,0.999999999999998
300.6,0.999999999999998
300.7,0.999999999999998
300.8,0.999999999999998
300.9,0.999999999999998
301,0.999999999999998
301.1,0.999999999999998
301.2,0.999999999999998
301.3,0.999999999999998
301.4,0.999999999999998
301.5,0.999999999999998
301.6,0.999999999999998
301.7,0.999999999999998
301.8,0.999999999999998
301.9,0.999999999999998
302,0.999999999999998
302.1,0.999999999999998
302.2,0.999999999999998
302.3,0.999999999999998
302.4,0.999999999999998
302.5,0.999999999999998
302.6,0.999999999999998
302.7,0.999999999999998
302.8,0.999999999999998
302.9,0.999999999999998
303,0.999999999999998
303.1,0.999999999999998
303.2,0.999999999999998
303.3,0.999999999999998
303.4,0.999999999999998
303.500000000001,0.999999999999998
303.600000000001,0.999999999999998
303.700000000001,0.999999999999998
303.800000000001,0.999999999999998
303.900000000001,0.999999999999998
304.000000000001,0.999999999999998
304.100000000001,0.999999999999998
304.200000000001,0.999999999999998
304.300000000001,0.999999999999998
304.400000000001,0.999999999999998
304.500000000001,0.999999999999998
304.600000000001,0.999999999999998
304.700000000001,0.999999999999998
304.800000000001,0.999999999999998
304.900000000001,0.999999999999998
305.000000000001,0.999999999999998
305.100000000001,0.999999999999998
305.200000000001,0.999999999999998
305.300000000001,0.999999999999998
305.400000000001,0.999999999999998
305.500000000001,0.999999999999998
305.600000000001,0.999999999999998
305.700000000001,0.999999999999998
305.800000000001,0.999999999999998
305.900000000001,0.999999999999998
306.000000000001,0.999999999999998
306.100000000001,0.999999999999998
306.200000000001,0.999999999999998
306.300000000001,0.999999999999998
306.400000000001,0.999999999999998
306.500000000001,0.999999999999998
306.600000000001,0.999999999999998
306.700000000001,0.999999999999998
306.800000000001,0.999999999999998
306.900000000001,0.999999999999998
307.000000000001,0.999999999999998
307.100000000001,0.999999999999998
307.200000000001,0.999999999999998
307.300000000001,0.999999999999998
307.400000000001,0.999999999999998
307.500000000001,0.999999999999998
307.600000000001,0.999999999999998
307.700000000001,0.999999999999998
307.800000000001,0.999999999999998
307.900000000002,0.999999999999998
308.000000000002,0.999999999999998
308.100000000002,0.999999999999998
308.200000000002,0.999999999999998
308.300000000002,0.999999999999998
308.400000000002,0.999999999999998
308.500000000002,0.999999999999998
308.600000000002,0.999999999999998
308.700000000002,0.999999999999998
308.800000000002,0.999999999999998
308.900000000002,0.999999999999998
309.000000000002,0.999999999999998
309.100000000002,0.999999999999998
309.200000000002,0.999999999999998
309.300000000002,0.999999999999998
309.400000000002,0.999999999999998
309.500000000002,0.999999999999998
309.600000000002,0.999999999999998
309.700000000002,0.999999999999998
309.800000000002,0.999999999999998
309.900000000002,0.999999999999998
310.000000000002,0.999999999999998
310.100000000002,0.999999999999998
310.200000000002,0.999999999999998
310.300000000002,0.999999999999998
310.400000000002,0.999999999999998
310.500000000002,0.999999999999998
310.600000000002,0.999999999999998
310.700000000002,0.999999999999998
310.800000000002,0.999999999999998
310.900000000002,0.999999999999998
311.000000000002,0.999999999999998
311.100000000002,0.999999999999998
311.200000000002,0.999999999999998
311.300000000002,0.999999999999998
311.400000000002,0.999999999999998
311.500000000002,0.999999999999998
311.600000000002,0.999999999999998
311.700000000002,0.999999999999998
311.800000000002,0.999999999999998
311.900000000002,0.999999999999998
312.000000000002,0.999999999999998
312.100000000002,0.999999999999998
312.200000000002,0.999999999999998
312.300000000003,0.999999999999998
312.400000000003,0.999999999999998
312.500000000003,0.999999999999998
312.600000000003,0.999999999999998
312.700000000003,0.999999999999998
312.800000000003,0.999999999999998
312.900000000003,0.999999999999998
313.000000000003,0.999999999999998
313.100000000003,0.999999999999998
313.200000000003,0.999999999999998
313.300000000003,0.999999999999998
313.400000000003,0.999999999999998
313.500000000003,0.999999999999998
313.600000000003,0.999999999999998
313.700000000003,0.999999999999998
313.800000000003,0.999999999999998
313.900000000003,0.999999999999998
314.000000000003,0.999999999999998
314.100000000003,0.999999999999998
314.200000000003,0.999999999999998
314.300000000003,0.999999999999998
314.400000000003,0.999999999999998
314.500000000003,0.999999999999998
314.600000000003,0.999999999999998
314.700000000003,0.999999999999998
314.800000000003,0.999999999999998
314.900000000003,0.999999999999998
315.000000000003,0.999999999999998
315.100000000003,0.999999999999998
315.200000000003,0.999999999999998
315.300000000003,0.999999999999998
315.400000000003,0.999999999999998
315.500000000003,0.999999999999998
315.600000000003,0.999999999999998
315.700000000003,0.999999999999998
315.800000000003,0.999999999999998
315.900000000003,0.999999999999998
316.000000000003,0.999999999999998
316.100000000003,0.999999999999998
316.200000000003,0.999999999999998
316.300000000003,0.999999999999998
316.400000000003,0.999999999999998
316.500000000003,0.999999999999998
316.600000000003,0.999999999999998
316.700000000004,0.999999999999998
316.800000000004,0.999999999999998
316.900000000004,0.999999999999998
317.000000000004,0.999999999999998
317.100000000004,0.999999999999998
317.200000000004,0.999999999999998
317.300000000004,0.999999999999998
317.400000000004,0.999999999999998
317.500000000004,0.999999999999998
317.600000000004,0.999999999999998
317.700000000004,0.999999999999998
317.800000000004,0.999999999999998
317.900000000004,0.999999999999998
318.000000000004,0.999999999999998
318.100000000004,0.999999999999998
318.200000000004,0.999999999999998
318.300000000004,0.999999999999998
318.400000000004,0.999999999999998
318.500000000004,0.999999999999998
318.600000000004,0.999999999999998
318.700000000004,0.999999999999998
318.800000000004,0.999999999999998
318.900000000004,0.999999999999998
319.000000000004,0.999999999999998
319.100000000004,0.999999999999998
319.200000000004,0.999999999999998
319.300000000004,0.999999999999998
319.400000000004,0.999999999999998
319.500000000004,0.999999999999998
319.600000000004,0.999999999999998
319.700000000004,0.999999999999998
319.800000000004,0.999999999999998
319.900000000004,0.999999999999998
320.000000000004,0.999999999999998
320.100000000004,0.999999999999998
320.200000000004,0.999999999999998
320.300000000004,0.999999999999998
320.400000000004,0.999999999999998
320.500000000004,0.999999999999998
320.600000000004,0.999999999999998
320.700000000004,0.999999999999998
320.800000000004,0.999999999999998
320.900000000004,0.999999999999998
321.000000000004,0.999999999999998
321.100000000005,0.999999999999998
321.200000000005,0.999999999999998
321.300000000005,0.999999999999998
321.400000000005,0.999999999999998
321.500000000005,0.999999999999998
321.600000000005,0.999999999999998
321.700000000005,0.999999999999998
321.800000000005,0.999999999999998
321.900000000005,0.999999999999998
322.000000000005,0.999999999999998
322.100000000005,0.999999999999998
322.200000000005,0.999999999999998
322.300000000005,0.999999999999998
322.400000000005,0.999999999999998
322.500000000005,0.999999999999998
322.600000000005,0.999999999999998
322.700000000005,0.999999999999998
322.800000000005,0.999999999999998
322.900000000005,0.999999999999998
323.000000000005,0.999999999999998
323.100000000005,0.999999999999998
323.200000000005,0.999999999999998
323.300000000005,0.999999999999998
323.400000000005,0.999999999999998
323.500000000005,0.999999999999998
323.600000000005,0.999999999999998
323.700000000005,0.999999999999998
323.800000000005,0.999999999999998
323.900000000005,0.999999999999998
324.000000000005,0.999999999999998
324.100000000005,0.999999999999998
324.200000000005,0.999999999999998
324.300000000005,0.999999999999998
324.400000000005,0.999999999999998
324.500000000005,0.999999999999998
324.600000000005,0.999999999999998
324.700000000005,0.999999999999998
324.800000000005,0.999999999999998
324.900000000005,0.999999999999998
325.000000000005,0.999999999999998
325.100000000005,0.999999999999998
325.200000000005,0.999999999999998
325.300000000005,0.999999999999998
325.400000000005,0.999999999999998
325.500000000006,0.999999999999998
325.600000000006,0.999999999999998
325.700000000006,0.999999999999998
325.800000000006,0.999999999999998
325.900000000006,0.999999999999998
326.000000000006,0.999999999999998
326.100000000006,0.999999999999998
326.200000000006,0.999999999999998
326.300000000006,0.999999999999998
326.400000000006,0.999999999999998
326.500000000006,0.999999999999998
326.600000000006,0.999999999999998
326.700000000006,0.999999999999998
326.800000000006,0.999999999999998
326.900000000006,0.999999999999998
327.000000000006,0.999999999999998
327.100000000006,0.999999999999998
327.200000000006,0.999999999999998
327.300000000006,0.999999999999998
327.400000000006,0.999999999999998
327.500000000006,0.999999999999998
327.600000000006,0.999999999999998
327.700000000006,0.999999999999998
327.800000000006,0.999999999999998
327.900000000006,0.999999999999998
328.000000000006,0.999999999999998
328.100000000006,0.999999999999998
328.200000000006,0.999999999999998
328.300000000006,0.999999999999998
328.400000000006,0.999999999999998
328.500000000006,0.999999999999998
328.600000000006,0.999999999999998
328.700000000006,0.999999999999998
328.800000000006,0.999999999999998
328.900000000006,0.999999999999998
329.000000000006,0.999999999999998
329.100000000006,0.999999999999998
329.200000000006,0.999999999999998
329.300000000006,0.999999999999998
329.400000000006,0.999999999999998
329.500000000006,0.999999999999998
329.600000000006,0.999999999999998
329.700000000006,0.999999999999998
329.800000000006,0.999999999999998
329.900000000007,0.999999999999998
330.000000000007,0.999999999999998
330.100000000007,0.999999999999998
330.200000000007,0.999999999999998
330.300000000007,0.999999999999998
330.400000000007,0.999999999999998
330.500000000007,0.999999999999998
330.600000000007,0.999999999999998
330.700000000007,0.999999999999998
330.800000000007,0.999999999999998
330.900000000007,0.999999999999998
331.000000000007,0.999999999999998
331.100000000007,0.999999999999998
331.200000000007,0.999999999999998
331.300000000007,0.999999999999998
331.400000000007,0.999999999999998
331.500000000007,0.999999999999998
331.600000000007,0.999999999999998
331.700000000007,0.999999999999998
331.800000000007,0.999999999999998
331.900000000007,0.999999999999998
332.000000000007,0.999999999999998
332.100000000007,0.999999999999998
332.200000000007,0.999999999999998
332.300000000007,0.999999999999998
332.400000000007,0.999999999999998
332.500000000007,0.999999999999998
332.600000000007,0.999999999999998
332.700000000007,0.999999999999998
332.800000000007,0.999999999999998
332.900000000007,0.999999999999998
333.000000000007,0.999999999999998
333.100000000007,0.999999999999998
333.200000000007,0.999999999999998
333.300000000007,0.999999999999998
333.400000000007,0.999999999999998
333.500000000007,0.999999999999998
333.600000000007,0.999999999999998
333.700000000007,0.999999999999998
333.800000000007,0.999999999999998
333.900000000007,0.999999999999998
334.000000000007,0.999999999999998
334.100000000007,0.999999999999998
334.200000000007,0.999999999999998
334.300000000008,0.999999999999998
334.400000000008,0.999999999999998
334.500000000008,0.999999999999998
334.600000000008,0.999999999999998
334.700000000008,0.999999999999998
334.800000000008,0.999999999999998
334.900000000008,0.999999999999998
335.000000000008,0.999999999999998
335.100000000008,0.999999999999998
335.200000000008,0.999999999999998
335.300000000008,0.999999999999998
335.400000000008,0.999999999999998
335.500000000008,0.999999999999998
335.600000000008,0.999999999999998
335.700000000008,0.999999999999998
335.800000000008,0.999999999999998
335.900000000008,0.999999999999998
336.000000000008,0.999999999999998
336.100000000008,0.999999999999998
336.200000000008,0.999999999999998
336.300000000008,0.999999999999998
336.400000000008,0.999999999999998
336.500000000008,0.999999999999998
336.600000000008,0.999999999999998
336.700000000008,0.999999999999998
336.800000000008,0.999999999999998
336.900000000008,0.999999999999998
337.000000000008,0.999999999999998
337.100000000008,0.999999999999998
337.200000000008,0.999999999999998
337.300000000008,0.999999999999998
337.400000000008,0.999999999999998
337.500000000008,0.999999999999998
337.600000000008,0.999999999999998
337.700000000008,0.999999999999998
337.800000000008,0.999999999999998
337.900000000008,0.999999999999998
338.000000000008,0.999999999999998
338.100000000008,0.999999999999998
338.200000000008,0.999999999999998
338.300000000008,0.999999999999998
338.400000000008,0.999999999999998
338.500000000008,0.999999999999998
338.600000000008,0.999999999999998
338.700000000009,0.999999999999998
338.800000000009,0.999999999999998
338.900000000009,0.999999999999998
339.000000000009,0.999999999999998
339.100000000009,0.999999999999998
339.200000000009,0.999999999999998
339.300000000009,0.999999999999998
339.400000000009,0.999999999999998
339.500000000009,0.999999999999998
339.600000000009,0.999999999999998
339.700000000009,0.999999999999998
339.800000000009,0.999999999999998
339.900000000009,0.999999999999998
340.000000000009,0.999999999999998
340.100000000009,0.999999999999998
340.200000000009,0.999999999999998
340.300000000009,0.999999999999998
340.400000000009,0.999999999999998
340.500000000009,0.999999999999998
340.600000000009,0.999999999999998
340.700000000009,0.999999999999998
340.800000000009,0.999999999999998
340.900000000009,0.999999999999998
341.000000000009,0.999999999999998
341.100000000009,0.999999999999998
341.200000000009,0.999999999999998
341.300000000009,0.999999999999998
341.400000000009,0.999999999999998
341.500000000009,0.999999999999998
341.600000000009,0.999999999999998
341.700000000009,0.999999999999998
341.800000000009,0.999999999999998
341.900000000009,0.999999999999998
342.000000000009,0.999999999999998
342.100000000009,0.999999999999998
342.200000000009,0.999999999999998
342.300000000009,0.999999999999998
342.400000000009,0.999999999999998
342.500000000009,0.999999999999998
342.600000000009,0.999999999999998
342.700000000009,0.999999999999998
342.800000000009,0.999999999999998
342.900000000009,0.999999999999998
343.000000000009,0.999999999999998
343.10000000001,0.999999999999998
343.20000000001,0.999999999999998
343.30000000001,0.999999999999998
343.40000000001,0.999999999999998
343.50000000001,0.999999999999998
343.60000000001,0.999999999999998
343.70000000001,0.999999999999998
343.80000000001,0.999999999999998
343.90000000001,0.999999999999998
344.00000000001,0.999999999999998
344.10000000001,0.999999999999998
344.20000000001,0.999999999999998
344.30000000001,0.999999999999998
344.40000000001,0.999999999999998
344.50000000001,0.999999999999998
344.60000000001,0.999999999999998
344.70000000001,0.999999999999998
344.80000000001,0.999999999999998
344.90000000001,0.999999999999998
345.00000000001,0.999999999999998
345.10000000001,0.999999999999998
345.20000000001,0.999999999999998
345.30000000001,0.999999999999998
345.40000000001,0.999999999999998
345.50000000001,0.999999999999998
345.60000000001,0.999999999999998
345.70000000001,0.999999999999998
345.80000000001,0.999999999999998
345.90000000001,0.999999999999998
346.00000000001,0.999999999999998
346.10000000001,0.999999999999998
346.20000000001,0.999999999999998
346.30000000001,0.999999999999998
346.40000000001,0.999999999999998
346.50000000001,0.999999999999998
346.60000000001,0.999999999999998
346.70000000001,0.999999999999998
346.80000000001,0.999999999999998
346.90000000001,0.999999999999998
347.00000000001,0.999999999999998
347.10000000001,0.999999999999998
347.20000000001,0.999999999999998
347.30000000001,0.999999999999998
347.40000000001,0.999999999999998
347.500000000011,0.999999999999998
347.600000000011,0.999999999999998
347.700000000011,0.999999999999998
347.800000000011,0.999999999999998
347.900000000011,0.999999999999998
348.000000000011,0.999999999999998
348.100000000011,0.999999999999998
348.200000000011,0.999999999999998
348.300000000011,0.999999999999998
348.400000000011,0.999999999999998
348.500000000011,0.999999999999998
348.600000000011,0.999999999999998
348.700000000011,0.999999999999998
348.800000000011,0.999999999999998
348.900000000011,0.999999999999998
349.000000000011,0.999999999999998
349.100000000011,0.999999999999998
349.200000000011,0.999999999999998
349.300000000011,0.999999999999998
349.400000000011,0.999999999999998
349.500000000011,0.999999999999998
349.600000000011,0.999999999999998
349.700000000011,0.999999999999998
349.800000000011,0.999999999999998
349.900000000011,0.999999999999998
350.000000000011,0.999999999999998
350.100000000011,0.999999999999998
350.200000000011,0.999999999999998
350.300000000011,0.999999999999998
350.400000000011,0.999999999999998
350.500000000011,0.999999999999998
350.600000000011,0.999999999999998
350.700000000011,0.999999999999998
350.800000000011,0.999999999999998
350.900000000011,0.999999999999998
351.000000000011,0.999999999999998
351.100000000011,0.999999999999998
351.200000000011,0.999999999999998
351.300000000011,0.999999999999998
351.400000000011,0.999999999999998
351.500000000011,0.999999999999998
351.600000000011,0.999999999999998
351.700000000011,0.999999999999998
351.800000000011,0.999999999999998
351.900000000012,0.999999999999998
352.000000000012,0.999999999999998
352.100000000012,0.999999999999998
352.200000000012,0.999999999999998
352.300000000012,0.999999999999998
352.400000000012,0.999999999999998
352.500000000012,0.999999999999998
352.600000000012,0.999999999999998
352.700000000012,0.999999999999998
352.800000000012,0.999999999999998
352.900000000012,0.999999999999998
353.000000000012,0.999999999999998
353.100000000012,0.999999999999998
353.200000000012,0.999999999999998
353.300000000012,0.999999999999998
353.400000000012,0.999999999999998
353.500000000012,0.999999999999998
353.600000000012,0.999999999999998
353.700000000012,0.999999999999998
353.800000000012,0.999999999999998
353.900000000012,0.999999999999998
354.000000000012,0.999999999999998
354.100000000012,0.999999999999998
354.200000000012,0.999999999999998
354.300000000012,0.999999999999998
354.400000000012,0.999999999999998
354.500000000012,0.999999999999998
354.600000000012,0.999999999999998
354.700000000012,0.999999999999998
354.800000000012,0.999999999999998
354.900000000012,0.999999999999998
355.000000000012,0.999999999999998
355.100000000012,0.999999999999998
355.200000000012,0.999999999999998
355.300000000012,0.999999999999998
355.400000000012,0.999999999999998
355.500000000012,0.999999999999998
355.600000000012,0.999999999999998
355.700000000012,0.999999999999998
355.800000000012,0.999999999999998
355.900000000012,0.999999999999998
356.000000000012,0.999999999999998
356.100000000012,0.999999999999998
356.200000000012,0.999999999999998
356.300000000013,0.999999999999998
356.400000000013,0.999999999999998
356.500000000013,0.999999999999998
356.600000000013,0.999999999999998
356.700000000013,0.999999999999998
356.800000000013,0.999999999999998
356.900000000013,0.999999999999998
357.000000000013,0.999999999999998
357.100000000013,0.999999999999998
357.200000000013,0.999999999999998
357.300000000013,0.999999999999998
357.400000000013,0.999999999999998
357.500000000013,0.999999999999998
357.600000000013,0.999999999999998
357.700000000013,0.999999999999998
357.800000000013,0.999999999999998
357.900000000013,0.999999999999998
358.000000000013,0.999999999999998
358.100000000013,0.999999999999998
358.200000000013,0.999999999999998
358.300000000013,0.999999999999998
358.400000000013,0.999999999999998
358.500000000013,0.999999999999998
358.600000000013,0.999999999999998
358.700000000013,0.999999999999998
358.800000000013,0.999999999999998
358.900000000013,0.999999999999998
359.000000000013,0.999999999999998
359.100000000013,0.999999999999998
359.200000000013,0.999999999999998
359.300000000013,0.999999999999998
359.400000000013,0.999999999999998
359.500000000013,0.999999999999998
359.600000000013,0.999999999999998
359.700000000013,0.999999999999998
359.800000000013,0.999999999999998
359.900000000013,0.999999999999998
360.000000000013,0.999999999999998
360.100000000013,0.999999999999998
360.200000000013,0.999999999999998
360.300000000013,0.999999999999998
360.400000000013,0.999999999999998
360.500000000013,0.999999999999998
360.600000000013,0.999999999999998
360.700000000014,0.999999999999998
360.800000000014,0.999999999999998
360.900000000014,0.999999999999998
361.000000000014,0.999999999999998
361.100000000014,0.999999999999998
361.200000000014,0.999999999999998
361.300000000014,0.999999999999998
361.400000000014,0.999999999999998
361.500000000014,0.999999999999998
361.600000000014,0.999999999999998
361.700000000014,0.999999999999998
361.800000000014,0.999999999999998
361.900000000014,0.999999999999998
362.000000000014,0.999999999999998
362.100000000014,0.999999999999998
362.200000000014,0.999999999999998
362.300000000014,0.999999999999998
362.400000000014,0.999999999999998
362.500000000014,0.999999999999998
362.600000000014,0.999999999999998
362.700000000014,0.999999999999998
362.800000000014,0.999999999999998
362.900000000014,0.999999999999998
363.000000000014,0.999999999999998
363.100000000014,0.999999999999998
363.200000000014,0.999999999999998
363.300000000014,0.999999999999998
363.400000000014,0.999999999999998
363.500000000014,0.999999999999998
363.600000000014,0.999999999999998
363.700000000014,0.999999999999998
363.800000000014,0.999999999999998
363.900000000014,0.999999999999998
364.000000000014,0.999999999999998
364.100000000014,0.999999999999998
364.200000000014,0.999999999999998
364.300000000014,0.999999999999998
364.400000000014,0.999999999999998
364.500000000014,0.999999999999998
364.600000000014,0.999999999999998
364.700000000014,0.999999999999998
364.800000000014,0.999999999999998
364.900000000014,0.999999999999998
365.000000000014,0.999999999999998
365.100000000015,0.999999999999998
365.200000000015,0.999999999999998
365.300000000015,0.999999999999998
365.400000000015,0.999999999999998
365.500000000015,0.999999999999998
365.600000000015,0.999999999999998
365.700000000015,0.999999999999998
365.800000000015,0.999999999999998
365.900000000015,0.999999999999998
366.000000000015,0.999999999999998
366.100000000015,0.999999999999998
366.200000000015,0.999999999999998
366.300000000015,0.999999999999998
366.400000000015,0.999999999999998
366.500000000015,0.999999999999998
366.600000000015,0.999999999999998
366.700000000015,0.999999999999998
366.800000000015,0.999999999999998
366.900000000015,0.999999999999998
367.000000000015,0.999999999999998
367.100000000015,0.999999999999998
367.200000000015,0.999999999999998
367.300000000015,0.999999999999998
367.400000000015,0.999999999999998
367.500000000015,0.999999999999998
367.600000000015,0.999999999999998
367.700000000015,0.999999999999998
367.800000000015,0.999999999999998
367.900000000015,0.999999999999998
368.000000000015,0.999999999999998
368.100000000015,0.999999999999998
368.200000000015,0.999999999999998
368.300000000015,0.999999999999998
368.400000000015,0.999999999999998
368.500000000015,0.999999999999998
368.600000000015,0.999999999999998
368.700000000015,0.999999999999998
368.800000000015,0.999999999999998
368.900000000015,0.999999999999998
369.000000000015,0.999999999999998
369.100000000015,0.999999999999998
369.200000000015,0.999999999999998
369.300000000015,0.999999999999998
369.400000000015,0.999999999999998
369.500000000016,0.999999999999998
369.600000000016,0.999999999999998
369.700000000016,0.999999999999998
369.800000000016,0.999999999999998
369.900000000016,0.999999999999998
370.000000000016,0.999999999999998
370.100000000016,0.999999999999998
370.200000000016,0.999999999999998
370.300000000016,0.999999999999998
370.400000000016,0.999999999999998
370.500000000016,0.999999999999998
370.600000000016,0.999999999999998
370.700000000016,0.999999999999998
370.800000000016,0.999999999999998
370.900000000016,0.999999999999998
371.000000000016,0.999999999999998
371.100000000016,0.999999999999998
371.200000000016,0.999999999999998
371.300000000016,0.999999999999998
371.400000000016,0.999999999999998
371.500000000016,0.999999999999998
371.600000000016,0.999999999999998
371.700000000016,0.999999999999998
371.800000000016,0.999999999999998
371.900000000016,0.999999999999998
372.000000000016,0.999999999999998
372.100000000016,0.999999999999998
372.200000000016,0.999999999999998
372.300000000016,0.999999999999998
372.400000000016,0.999999999999998
372.500000000016,0.999999999999998
372.600000000016,0.999999999999998
372.700000000016,0.999999999999998
372.800000000016,0.999999999999998
372.900000000016,0.999999999999998
373.000000000016,0.999999999999998
373.100000000016,0.999999999999998
373.200000000016,0.999999999999998
373.300000000016,0.999999999999998
373.400000000016,0.999999999999998
373.500000000016,0.999999999999998
373.600000000016,0.999999999999998
373.700000000016,0.999999999999998
373.800000000016,0.999999999999998
373.900000000017,0.999999999999998
374.000000000017,0.999999999999998
374.100000000017,0.999999999999998
374.200000000017,0.999999999999998
374.300000000017,0.999999999999998
374.400000000017,0.999999999999998
374.500000000017,0.999999999999998
374.600000000017,0.999999999999998
374.700000000017,0.999999999999998
374.800000000017,0.999999999999998
374.900000000017,0.999999999999998
375.000000000017,0.999999999999998
375.100000000017,0.999999999999998
375.200000000017,0.999999999999998
375.300000000017,0.999999999999998
375.400000000017,0.999999999999998
375.500000000017,0.999999999999998
375.600000000017,0.999999999999998
375.700000000017,0.999999999999998
375.800000000017,0.999999999999998
375.900000000017,0.999999999999998
376.000000000017,0.999999999999998
376.100000000017,0.999999999999998
376.200000000017,0.999999999999998
376.300000000017,0.999999999999998
376.400000000017,0.999999999999998
376.500000000017,0.999999999999998
376.600000000017,0.999999999999998
376.700000000017,0.999999999999998
376.800000000017,0.999999999999998
376.900000000017,0.999999999999998
377.000000000017,0.999999999999998
377.100000000017,0.999999999999998
377.200000000017,0.999999999999998
377.300000000017,0.999999999999998
377.400000000017,0.999999999999998
377.500000000017,0.999999999999998
377.600000000017,0.999999999999998
377.700000000017,0.999999999999998
377.800000000017,0.999999999999998
377.900000000017,0.999999999999998
378.000000000017,0.999999999999998
378.100000000017,0.999999999999998
378.200000000017,0.999999999999998
378.300000000018,0.999999999999998
378.400000000018,0.999999999999998
378.500000000018,0.999999999999998
378.600000000018,0.999999999999998
378.700000000018,0.999999999999998
378.800000000018,0.999999999999998
378.900000000018,0.999999999999998
379.000000000018,0.999999999999998
379.100000000018,0.999999999999998
379.200000000018,0.999999999999998
379.300000000018,0.999999999999998
379.400000000018,0.999999999999998
379.500000000018,0.999999999999998
379.600000000018,0.999999999999998
379.700000000018,0.999999999999998
379.800000000018,0.999999999999998
379.900000000018,0.999999999999998
380.000000000018,0.999999999999998
380.100000000018,0.999999999999998
380.200000000018,0.999999999999998
380.300000000018,0.999999999999998
380.400000000018,0.999999999999998
380.500000000018,0.999999999999998
380.600000000018,0.999999999999998
380.700000000018,0.999999999999998
380.800000000018,0.999999999999998
380.900000000018,0.999999999999998
381.000000000018,0.999999999999998
381.100000000018,0.999999999999998
381.200000000018,0.999999999999998
381.300000000018,0.999999999999998
381.400000000018,0.999999999999998
381.500000000018,0.999999999999998
381.600000000018,0.999999999999998
381.700000000018,0.999999999999998
381.800000000018,0.999999999999998
381.900000000018,0.999999999999998
382.000000000018,0.999999999999998
382.100000000018,0.999999999999998
382.200000000018,0.999999999999998
382.300000000018,0.999999999999998
382.400000000018,0.999999999999998
382.500000000018,0.999999999999998
382.600000000018,0.999999999999998
382.700000000019,0.999999999999998
382.800000000019,0.999999999999998
382.900000000019,0.999999999999998
383.000000000019,0.999999999999998
383.100000000019,0.999999999999998
383.200000000019,0.999999999999998
383.300000000019,0.999999999999998
383.400000000019,0.999999999999998
383.500000000019,0.999999999999998
383.600000000019,0.999999999999998
383.700000000019,0.999999999999998
383.800000000019,0.999999999999998
383.900000000019,0.999999999999998
384.000000000019,0.999999999999998
384.100000000019,0.999999999999998
384.200000000019,0.999999999999998
384.300000000019,0.999999999999998
384.400000000019,0.999999999999998
384.500000000019,0.999999999999998
384.600000000019,0.999999999999998
384.700000000019,0.999999999999998
384.800000000019,0.999999999999998
384.900000000019,0.999999999999998
385.000000000019,0.999999999999998
385.100000000019,0.999999999999998
385.200000000019,0.999999999999998
385.300000000019,0.999999999999998
385.400000000019,0.999999999999998
385.500000000019,0.999999999999998
385.600000000019,0.999999999999998
385.700000000019,0.999999999999998
385.800000000019,0.999999999999998
385.900000000019,0.999999999999998
386.000000000019,0.999999999999998
386.100000000019,0.999999999999998
386.200000000019,0.999999999999998
386.300000000019,0.999999999999998
386.400000000019,0.999999999999998
386.500000000019,0.999999999999998
386.600000000019,0.999999999999998
386.700000000019,0.999999999999998
386.800000000019,0.999999999999998
386.900000000019,0.999999999999998
387.000000000019,0.999999999999998
387.10000000002,0.999999999999998
387.20000000002,0.999999999999998
387.30000000002,0.999999999999998
387.40000000002,0.999999999999998
387.50000000002,0.999999999999998
387.60000000002,0.999999999999998
387.70000000002,0.999999999999998
387.80000000002,0.999999999999998
387.90000000002,0.999999999999998
388.00000000002,0.999999999999998
388.10000000002,0.999999999999998
388.20000000002,0.999999999999998
388.30000000002,0.999999999999998
388.40000000002,0.999999999999998
388.50000000002,0.999999999999998
388.60000000002,0.999999999999998
388.70000000002,0.999999999999998
388.80000000002,0.999999999999998
388.90000000002,0.999999999999998
389.00000000002,0.999999999999998
389.10000000002,0.999999999999998
389.20000000002,0.999999999999998
389.30000000002,0.999999999999998
389.40000000002,0.999999999999998
389.50000000002,0.999999999999998
389.60000000002,0.999999999999998
389.70000000002,0.999999999999998
389.80000000002,0.999999999999998
389.90000000002,0.999999999999998
390.00000000002,0.999999999999998
390.10000000002,0.999999999999998
390.20000000002,0.999999999999998
390.30000000002,0.999999999999998
390.40000000002,0.999999999999998
390.50000000002,0.999999999999998
390.60000000002,0.999999999999998
390.70000000002,0.999999999999998
390.80000000002,0.999999999999998
390.90000000002,0.999999999999998
391.00000000002,0.999999999999998
391.10000000002,0.999999999999998
391.20000000002,0.999999999999998
391.30000000002,0.999999999999998
391.40000000002,0.999999999999998
391.500000000021,0.999999999999998
391.600000000021,0.999999999999998
391.700000000021,0.999999999999998
391.800000000021,0.999999999999998
391.900000000021,0.999999999999998
392.000000000021,0.999999999999998
392.100000000021,0.999999999999998
392.200000000021,0.999999999999998
392.300000000021,0.999999999999998
392.400000000021,0.999999999999998
392.500000000021,0.999999999999998
392.600000000021,0.999999999999998
392.700000000021,0.999999999999998
392.800000000021,0.999999999999998
392.900000000021,0.999999999999998
393.000000000021,0.999999999999998
393.100000000021,0.999999999999998
393.200000000021,0.999999999999998
393.300000000021,0.999999999999998
393.400000000021,0.999999999999998
393.500000000021,0.999999999999998
393.600000000021,0.999999999999998
393.700000000021,0.999999999999998
393.800000000021,0.999999999999998
393.900000000021,0.999999999999998
394.000000000021,0.999999999999998
394.100000000021,0.999999999999998
394.200000000021,0.999999999999998
394.300000000021,0.999999999999998
394.400000000021,0.999999999999998
394.500000000021,0.999999999999998
394.600000000021,0.999999999999998
394.700000000021,0.999999999999998
394.800000000021,0.999999999999998
394.900000000021,0.999999999999998
395.000000000021,0.999999999999998
395.100000000021,0.999999999999998
395.200000000021,0.999999999999998
395.300000000021,0.999999999999998
395.400000000021,0.999999999999998
395.500000000021,0.999999999999998
395.600000000021,0.999999999999998
395.700000000021,0.999999999999998
395.800000000021,0.999999999999998
395.900000000022,0.999999999999998
396.000000000022,0.999999999999998
396.100000000022,0.999999999999998
396.200000000022,0.999999999999998
396.300000000022,0.999999999999998
396.400000000022,0.999999999999998
396.500000000022,0.999999999999998
396.600000000022,0.999999999999998
396.700000000022,0.999999999999998
396.800000000022,0.999999999999998
396.900000000022,0.999999999999998
397.000000000022,0.999999999999998
397.100000000022,0.999999999999998
397.200000000022,0.999999999999998
397.300000000022,0.999999999999998
397.400000000022,0.999999999999998
397.500000000022,0.999999999999998
397.600000000022,0.999999999999998
397.700000000022,0.999999999999998
397.800000000022,0.999999999999998
397.900000000022,0.999999999999998
398.000000000022,0.999999999999998
398.100000000022,0.999999999999998
398.200000000022,0.999999999999998
398.300000000022,0.999999999999998
398.400000000022,0.999999999999998
398.500000000022,0.999999999999998
398.600000000022,0.999999999999998
398.700000000022,0.999999999999998
398.800000000022,0.999999999999998
398.900000000022,0.999999999999998
399.000000000022,0.999999999999998
399.100000000022,0.999999999999998
399.200000000022,0.999999999999998
399.300000000022,0.999999999999998
399.400000000022,0.999999999999998
399.500000000022,0.999999999999998
399.600000000022,0.999999999999998
399.700000000022,0.999999999999998
399.800000000022,0.999999999999998
399.900000000022,0.999999999999998
400.000000000022,0.999999999999998
